# Frequency (THz), VDOS (THz^-1)
0.00000, -5.05475e-04
0.20000, 4.17293e-04
0.40000, -1.89022e-04
0.60000, -8.34992e-05
0.80000, 2.85555e-04
1.00000, -3.41986e-04
1.20000, 2.58597e-04
1.40000, -1.12443e-04
1.60000, -4.57919e-06
1.80000, 4.51314e-05
2.00000, -2.47386e-05
2.20000, -7.96522e-06
2.40000, 1.70175e-05
2.60000, -1.91550e-06
2.80000, -1.47826e-05
3.00000, 1.55391e-05
3.20000, -4.04964e-06
3.40000, -1.05473e-06
3.60000, -1.52329e-05
3.80000, 5.07854e-05
4.00000, -8.78454e-05
4.20000, 1.06957e-04
4.40000, -1.01393e-04
4.60000, 7.99652e-05
4.80000, -5.65439e-05
5.00000, 3.74092e-05
5.20000, -1.90838e-05
5.40000, -3.07071e-06
5.60000, 2.67055e-05
5.80000, -4.30580e-05
6.00000, 4.35941e-05
6.20000, -2.59819e-05
6.40000, -3.33820e-06
6.60000, 2.99518e-05
6.80000, -3.66319e-05
7.00000, 1.29345e-05
7.20000, 3.59315e-05
7.40000, -8.93087e-05
7.60000, 1.23001e-04
7.80000, -1.24553e-04
8.00000, 9.94548e-05
8.20000, -6.40907e-05
8.40000, 3.30660e-05
8.60000, -1.20351e-05
8.80000, -1.06536e-07
9.00000, 5.19105e-06
9.20000, -3.35502e-06
9.40000, -4.62632e-06
9.60000, 1.48060e-05
9.80000, -2.07687e-05
10.00000, 1.69994e-05
10.20000, -2.74782e-06
10.40000, -1.60849e-05
10.60000, 2.93762e-05
10.80000, -2.87537e-05
11.00000, 1.22526e-05
11.20000, 1.59114e-05
11.40000, -4.83262e-05
11.60000, 7.62566e-05
11.80000, -9.06287e-05
12.00000, 8.43961e-05
12.20000, -5.52506e-05
12.40000, 6.23660e-06
12.60000, 5.45316e-05
12.80000, -1.13299e-04
13.00000, 1.52622e-04
13.20000, -1.59349e-04
13.40000, 1.33580e-04
13.60000, -8.92231e-05
13.80000, 4.45613e-05
14.00000, -1.11966e-05
14.20000, -9.61899e-06
14.40000, 2.17870e-05
14.60000, -2.67855e-05
14.80000, 2.20609e-05
15.00000, -6.89732e-06
15.20000, -1.22693e-05
15.40000, 2.50901e-05
15.60000, -2.60720e-05
15.80000, 1.88502e-05
16.00000, -1.23375e-05
16.20000, 1.44029e-05
16.40000, -2.84164e-05
16.60000, 5.21393e-05
16.80000, -7.74343e-05
17.00000, 9.24823e-05
17.20000, -8.74894e-05
17.40000, 6.01602e-05
17.60000, -1.68143e-05
17.80000, -2.98008e-05
18.00000, 6.33215e-05
18.20000, -6.89757e-05
18.40000, 4.28281e-05
18.60000, 2.23363e-06
18.80000, -4.42585e-05
19.00000, 7.07057e-05
19.20000, -8.95461e-05
19.40000, 1.20167e-04
19.60000, -1.71932e-04
19.80000, 2.29688e-04
20.00000, -2.57913e-04
20.20000, 2.20775e-04
20.40000, -1.06171e-04
20.60000, -6.11804e-05
20.80000, 2.28200e-04
21.00000, -3.40224e-04
21.20000, 3.68258e-04
21.40000, -3.18544e-04
21.60000, 2.21307e-04
21.80000, -1.10744e-04
22.00000, 1.11773e-05
22.20000, 6.49645e-05
22.40000, -1.13097e-04
22.60000, 1.34199e-04
22.80000, -1.34693e-04
23.00000, 1.24060e-04
23.20000, -1.10169e-04
23.40000, 9.66462e-05
23.60000, -8.35894e-05
23.80000, 6.92174e-05
24.00000, -5.17374e-05
24.20000, 3.16728e-05
24.40000, -1.22170e-05
24.60000, -4.05381e-06
24.80000, 1.82804e-05
25.00000, -3.35654e-05
25.20000, 5.02836e-05
25.40000, -6.46706e-05
25.60000, 7.25320e-05
25.80000, -7.35700e-05
26.00000, 7.21988e-05
26.20000, -7.55181e-05
26.40000, 9.04764e-05
26.60000, -1.20250e-04
26.80000, 1.60557e-04
27.00000, -1.99318e-04
27.20000, 2.21424e-04
27.40000, -2.15322e-04
27.60000, 1.77142e-04
27.80000, -1.11366e-04
28.00000, 2.84780e-05
28.20000, 5.96428e-05
28.40000, -1.42675e-04
28.60000, 2.08689e-04
28.80000, -2.38660e-04
29.00000, 2.09966e-04
29.20000, -1.12144e-04
29.40000, -3.81700e-05
29.60000, 1.98042e-04
29.80000, -3.14304e-04
30.00000, 3.43909e-04
30.20000, -2.71077e-04
30.40000, 1.16889e-04
30.60000, 6.48698e-05
30.80000, -2.07941e-04
31.00000, 2.61948e-04
31.20000, -2.15316e-04
31.40000, 1.00971e-04
31.60000, 2.02475e-05
31.80000, -9.04504e-05
32.00000, 7.98653e-05
32.20000, 8.14599e-06
32.40000, -1.46111e-04
32.60000, 2.91113e-04
32.80000, -3.93409e-04
33.00000, 4.15592e-04
33.20000, -3.56599e-04
33.40000, 2.56375e-04
33.60000, -1.69592e-04
33.80000, 1.27914e-04
34.00000, -1.20834e-04
34.20000, 1.07372e-04
34.40000, -4.80113e-05
34.60000, -6.51445e-05
34.80000, 1.99744e-04
35.00000, -3.02168e-04
35.20000, 3.31834e-04
35.40000, -2.86450e-04
35.60000, 1.99279e-04
35.80000, -1.12618e-04
36.00000, 5.18368e-05
36.20000, -1.91463e-05
36.40000, 3.98608e-06
36.60000, 4.87373e-06
36.80000, -1.35278e-05
37.00000, 2.13291e-05
37.20000, -2.07725e-05
37.40000, 1.63889e-06
37.60000, 3.78559e-05
37.80000, -8.06444e-05
38.00000, 9.72877e-05
38.20000, -7.28720e-05
38.40000, 3.05692e-05
38.60000, -2.22896e-05
38.80000, 8.87760e-05
39.00000, -2.24844e-04
39.20000, 3.78951e-04
39.40000, -4.82423e-04
39.60000, 4.84666e-04
39.80000, -3.76965e-04
40.00000, 1.97528e-04
40.20000, -1.45174e-05
40.40000, -1.08560e-04
40.60000, 1.46334e-04
40.80000, -1.19163e-04
41.00000, 6.80716e-05
41.20000, -2.11520e-05
41.40000, -1.68907e-05
41.60000, 4.95286e-05
41.80000, -7.39873e-05
42.00000, 8.51285e-05
42.20000, -8.57794e-05
42.40000, 8.50705e-05
42.60000, -8.70731e-05
42.80000, 8.63846e-05
43.00000, -7.64100e-05
43.20000, 5.85200e-05
43.40000, -4.05615e-05
43.60000, 2.81802e-05
43.80000, -2.01972e-05
44.00000, 1.18194e-05
44.20000, -1.35815e-07
44.40000, -1.34151e-05
44.60000, 2.41720e-05
44.80000, -2.79922e-05
45.00000, 2.58386e-05
45.20000, -2.47128e-05
45.40000, 3.17687e-05
45.60000, -4.63878e-05
45.80000, 5.95120e-05
46.00000, -6.25055e-05
46.20000, 5.70893e-05
46.40000, -5.62337e-05
46.60000, 7.40365e-05
46.80000, -1.12015e-04
47.00000, 1.53461e-04
47.20000, -1.73288e-04
47.40000, 1.57618e-04
47.60000, -1.15085e-04
47.80000, 6.74329e-05
48.00000, -2.94007e-05
48.20000, 4.68395e-07
48.40000, 2.32902e-05
48.60000, -3.24663e-05
48.80000, 3.65471e-06
49.00000, 7.97352e-05
49.20000, -2.01924e-04
49.40000, 3.11750e-04
49.60000, -3.53649e-04
49.80000, 3.09213e-04
50.00000, -2.09787e-04
50.20000, 1.08377e-04
50.40000, -4.06809e-05
50.60000, 1.04204e-05
50.80000, -2.48283e-06
51.00000, 1.91064e-06
51.20000, -1.83026e-06
51.40000, 1.20350e-06
51.60000, -6.11347e-07
51.80000, 3.36273e-07
52.00000, -2.78948e-07
52.20000, 2.75178e-07
52.40000, -2.41385e-07
52.60000, 1.78127e-07
52.80000, -1.34175e-07
53.00000, 1.59167e-07
53.20000, -2.50838e-07
53.40000, 3.21833e-07
53.60000, -2.09493e-07
53.80000, -2.50275e-07
54.00000, 9.61719e-07
54.20000, -8.16196e-07
54.40000, -3.69216e-06
54.60000, 1.95486e-05
54.80000, -5.55486e-05
55.00000, 1.15713e-04
55.20000, -1.89785e-04
55.40000, 2.48920e-04
55.60000, -2.55986e-04
55.80000, 1.90217e-04
56.00000, -6.92435e-05
56.20000, -5.48333e-05
56.40000, 1.30244e-04
56.60000, -1.45282e-04
56.80000, 1.38241e-04
57.00000, -1.69977e-04
57.20000, 2.84631e-04
57.40000, -4.86565e-04
57.60000, 7.39735e-04
57.80000, -9.82175e-04
58.00000, 1.14967e-03
58.20000, -1.20106e-03
58.40000, 1.13203e-03
58.60000, -9.68673e-04
58.80000, 7.46771e-04
59.00000, -4.94530e-04
59.20000, 2.35484e-04
59.40000, -8.38092e-06
59.60000, -1.24087e-04
59.80000, 1.02652e-04
60.00000, 7.90074e-05
60.20000, -3.49239e-04
60.40000, 5.89124e-04
60.60000, -6.99819e-04
60.80000, 6.54788e-04
61.00000, -5.01065e-04
61.20000, 3.17344e-04
61.40000, -1.66038e-04
61.60000, 7.08219e-05
61.80000, -2.39089e-05
62.00000, 5.95147e-06
62.20000, -8.22061e-07
62.40000, -1.47651e-07
62.60000, 2.07708e-07
62.80000, -1.70588e-07
63.00000, 1.35497e-07
63.20000, -9.21435e-08
63.40000, 3.99701e-08
63.60000, 1.17955e-08
63.80000, -5.27249e-08
64.00000, 7.49020e-08
64.20000, -7.53835e-08
64.40000, 5.78900e-08
64.60000, -3.15720e-08
64.80000, 6.49289e-09
65.00000, 1.10805e-08
65.20000, -2.00376e-08
65.40000, 2.22691e-08
65.60000, -1.99151e-08
65.80000, 1.43498e-08
66.00000, -6.71149e-09
66.20000, -1.37487e-09
66.40000, 7.74334e-09
66.60000, -1.04533e-08
66.80000, 9.02079e-09
67.00000, -5.26969e-09
67.20000, 2.87900e-09
67.40000, -5.43033e-09
67.60000, 1.39820e-08
67.80000, -2.60015e-08
68.00000, 3.67875e-08
68.20000, -4.24037e-08
68.40000, 4.17771e-08
68.60000, -3.66447e-08
68.80000, 3.00246e-08
69.00000, -2.45945e-08
69.20000, 2.17541e-08
69.40000, -2.13244e-08
69.60000, 2.16031e-08
69.80000, -2.00415e-08
70.00000, 1.48584e-08
70.20000, -6.60746e-09
70.40000, -1.95146e-09
70.60000, 7.79199e-09
70.80000, -9.58900e-09
71.00000, 8.07478e-09
71.20000, -4.90490e-09
71.40000, 1.41893e-09
71.60000, 1.72027e-09
71.80000, -4.26457e-09
72.00000, 6.20013e-09
72.20000, -7.70848e-09
72.40000, 8.87108e-09
72.60000, -9.22554e-09
72.80000, 7.84769e-09
73.00000, -4.19829e-09
73.20000, -9.85751e-10
73.40000, 5.68891e-09
73.60000, -7.66723e-09
73.80000, 5.83394e-09
74.00000, -9.77802e-10
74.20000, -4.78694e-09
74.40000, 9.52560e-09
74.60000, -1.27269e-08
74.80000, 1.51479e-08
75.00000, -1.75188e-08
75.20000, 1.96150e-08
75.40000, -2.05696e-08
75.60000, 1.96986e-08
75.80000, -1.68821e-08
76.00000, 1.25955e-08
76.20000, -7.94984e-09
76.40000, 4.38303e-09
76.60000, -2.68395e-09
76.80000, 2.18649e-09
77.00000, -1.25364e-09
77.20000, -1.32202e-09
77.40000, 5.44621e-09
77.60000, -9.94969e-09
77.80000, 1.32970e-08
78.00000, -1.42251e-08
78.20000, 1.23065e-08
78.40000, -8.34153e-09
78.60000, 4.13174e-09
78.80000, -1.49169e-09
79.00000, 1.16587e-09
79.20000, -2.54712e-09
79.40000, 4.37318e-09
79.60000, -5.72613e-09
79.80000, 6.52538e-09
80.00000, -7.26112e-09
80.20000, 8.35645e-09
80.40000, -9.75165e-09
80.60000, 1.09568e-08
80.80000, -1.13098e-08
81.00000, 1.01027e-08
81.20000, -6.66287e-09
81.40000, 7.19022e-10
81.60000, 7.03223e-09
81.80000, -1.48047e-08
82.00000, 2.04625e-08
82.20000, -2.26026e-08
82.40000, 2.09910e-08
82.60000, -1.61357e-08
82.80000, 8.89842e-09
83.00000, -7.93144e-10
83.20000, -5.81274e-09
83.40000, 8.65691e-09
83.60000, -7.16319e-09
83.80000, 2.99968e-09
84.00000, 9.96406e-10
84.20000, -2.47056e-09
84.40000, 5.00976e-10
84.60000, 4.40744e-09
84.80000, -1.07782e-08
85.00000, 1.66598e-08
85.20000, -2.02122e-08
85.40000, 2.05262e-08
85.60000, -1.82924e-08
85.80000, 1.55078e-08
86.00000, -1.41005e-08
86.20000, 1.46192e-08
86.40000, -1.61552e-08
86.60000, 1.72976e-08
86.80000, -1.70437e-08
87.00000, 1.50901e-08
87.20000, -1.16875e-08
87.40000, 7.43196e-09
87.60000, -3.23840e-09
87.80000, 5.01713e-10
88.00000, -1.16218e-09
88.20000, 7.41699e-09
88.40000, -2.09234e-08
88.60000, 4.10603e-08
88.80000, -6.18687e-08
89.00000, 6.62770e-08
89.20000, -3.90119e-09
89.40000, -3.03809e-07
89.60000, 1.46600e-06
89.80000, -5.19603e-06
90.00000, 1.51994e-05
90.20000, -3.71239e-05
90.40000, 7.54056e-05
90.60000, -1.26262e-04
90.80000, 1.71559e-04
91.00000, -1.82966e-04
91.20000, 1.40046e-04
91.40000, -4.99954e-05
91.60000, -5.11946e-05
91.80000, 1.21406e-04
92.00000, -1.39923e-04
92.20000, 1.16079e-04
92.40000, -7.53082e-05
92.60000, 3.93062e-05
92.80000, -1.66580e-05
93.00000, 5.72140e-06
93.20000, -1.56899e-06
93.40000, 3.31551e-07
93.60000, -5.37023e-08
93.80000, 1.33732e-08
94.00000, -1.24738e-08
94.20000, 1.89457e-08
94.40000, -3.75370e-08
94.60000, 6.83328e-08
94.80000, -9.73456e-08
95.00000, 1.05562e-07
95.20000, -8.47550e-08
95.40000, 4.46751e-08
95.60000, -5.36259e-09
95.80000, -1.72585e-08
96.00000, 2.03386e-08
96.20000, -1.28370e-08
96.40000, 7.34608e-09
96.60000, -1.13180e-08
96.80000, 2.32909e-08
97.00000, -3.60101e-08
97.20000, 4.29544e-08
97.40000, -4.25571e-08
97.60000, 3.76570e-08
97.80000, -3.21866e-08
98.00000, 2.83065e-08
98.20000, -2.56434e-08
98.40000, 2.24866e-08
98.60000, -1.76847e-08
98.80000, 1.17052e-08
99.00000, -6.15940e-09
99.20000, 2.48042e-09
99.40000, -1.00931e-09
99.60000, 1.06793e-09
99.80000, -1.62696e-09
100.00000, 1.90515e-09
