# Frequency (THz), VDOS (THz^-1)
0.00000, -1.01515e-03
0.20000, 9.41716e-04
0.40000, -7.71317e-04
0.60000, 6.13866e-04
0.80000, -5.56429e-04
1.00000, 6.08377e-04
1.20000, -7.10671e-04
1.40000, 7.88615e-04
1.60000, -8.03044e-04
1.80000, 7.68575e-04
2.00000, -7.34013e-04
2.20000, 7.39903e-04
2.40000, -7.79822e-04
2.60000, 7.96724e-04
2.80000, -7.27412e-04
3.00000, 5.61927e-04
3.20000, -3.58675e-04
3.40000, 1.97196e-04
3.60000, -1.16364e-04
3.80000, 9.56777e-05
4.00000, -8.65881e-05
4.20000, 5.57070e-05
4.40000, -3.35479e-06
4.60000, -4.81832e-05
4.80000, 7.72563e-05
5.00000, -7.54951e-05
5.20000, 4.63456e-05
5.40000, 7.55356e-07
5.60000, -5.31711e-05
5.80000, 9.68764e-05
6.00000, -1.20602e-04
6.20000, 1.20430e-04
6.40000, -1.01598e-04
6.60000, 7.64824e-05
6.80000, -5.88855e-05
7.00000, 5.66460e-05
7.20000, -6.77362e-05
7.40000, 8.33079e-05
7.60000, -9.43046e-05
7.80000, 9.53888e-05
8.00000, -8.48303e-05
8.20000, 6.37449e-05
8.40000, -3.62781e-05
8.60000, 8.77625e-06
8.80000, 1.29976e-05
9.00000, -2.61903e-05
9.20000, 3.01046e-05
9.40000, -2.32378e-05
9.60000, 2.34052e-06
9.80000, 3.32986e-05
10.00000, -7.53559e-05
10.20000, 1.06378e-04
10.40000, -1.11290e-04
10.60000, 9.31788e-05
10.80000, -7.72021e-05
11.00000, 9.44742e-05
11.20000, -1.56971e-04
11.40000, 2.44228e-04
11.60000, -3.13153e-04
11.80000, 3.24765e-04
12.00000, -2.69728e-04
12.20000, 1.74240e-04
12.40000, -8.13139e-05
12.60000, 2.27039e-05
12.80000, -3.96405e-06
13.00000, 1.05399e-05
13.20000, -2.38626e-05
13.40000, 3.27486e-05
13.60000, -3.48089e-05
13.80000, 3.14478e-05
14.00000, -2.28602e-05
14.20000, 7.77833e-06
14.40000, 1.22764e-05
14.60000, -3.00606e-05
14.80000, 3.71895e-05
15.00000, -3.59053e-05
15.20000, 5.13698e-05
15.40000, -1.36976e-04
15.60000, 3.63767e-04
15.80000, -7.82576e-04
16.00000, 1.36457e-03
16.20000, -1.96676e-03
16.40000, 2.37918e-03
16.60000, -2.44140e-03
16.80000, 2.13398e-03
17.00000, -1.57123e-03
17.20000, 9.24393e-04
17.40000, -3.49677e-04
17.60000, -5.15384e-05
17.80000, 2.50596e-04
18.00000, -2.86033e-04
18.20000, 2.29976e-04
18.40000, -1.47256e-04
18.60000, 7.49207e-05
18.80000, -2.52760e-05
19.00000, -3.16923e-06
19.20000, 1.77334e-05
19.40000, -2.69670e-05
19.60000, 3.79764e-05
19.80000, -5.57327e-05
20.00000, 8.28085e-05
20.20000, -1.16841e-04
20.40000, 1.47240e-04
20.60000, -1.57705e-04
20.80000, 1.37426e-04
21.00000, -9.22885e-05
21.20000, 4.31342e-05
21.40000, -1.03012e-05
21.60000, -1.16372e-06
21.80000, 1.97756e-06
22.00000, -5.94439e-06
22.20000, 1.69709e-05
22.40000, -2.71309e-05
22.60000, 2.61432e-05
22.80000, -1.22434e-05
23.00000, -5.95670e-06
23.20000, 1.69926e-05
23.40000, -1.47158e-05
23.60000, 1.97219e-07
23.80000, 2.13647e-05
24.00000, -4.40217e-05
24.20000, 6.28983e-05
24.40000, -7.50714e-05
24.60000, 7.95362e-05
24.80000, -7.61802e-05
25.00000, 6.52118e-05
25.20000, -4.81968e-05
25.40000, 2.90735e-05
25.60000, -1.28595e-05
25.80000, 2.88808e-06
26.00000, 5.38289e-07
26.20000, 6.56425e-07
26.40000, -3.28981e-06
26.60000, 2.67154e-06
26.80000, 7.53642e-06
27.00000, -3.28743e-05
27.20000, 7.29651e-05
27.40000, -1.17953e-04
27.60000, 1.51752e-04
27.80000, -1.61466e-04
28.00000, 1.45060e-04
28.20000, -1.10602e-04
28.40000, 6.94613e-05
28.60000, -3.06662e-05
28.80000, -5.37479e-07
29.00000, 2.14586e-05
29.20000, -2.97041e-05
29.40000, 2.18481e-05
29.60000, 3.71989e-06
29.80000, -4.05841e-05
30.00000, 7.27069e-05
30.20000, -8.32016e-05
30.40000, 6.67203e-05
30.60000, -3.27746e-05
30.80000, -2.97315e-06
31.00000, 3.03092e-05
31.20000, -4.94779e-05
31.40000, 6.77288e-05
31.60000, -9.10962e-05
31.80000, 1.17175e-04
32.00000, -1.34800e-04
32.20000, 1.32027e-04
32.40000, -1.05493e-04
32.60000, 6.18428e-05
32.80000, -1.09017e-05
33.00000, -4.03487e-05
33.20000, 8.68778e-05
33.40000, -1.22002e-04
33.60000, 1.38237e-04
33.80000, -1.32652e-04
34.00000, 1.10319e-04
34.20000, -8.14966e-05
34.40000, 5.51391e-05
34.60000, -3.47784e-05
34.80000, 1.96263e-05
35.00000, -8.25289e-06
35.20000, 5.97084e-07
35.40000, 2.83093e-06
35.60000, -2.53897e-06
35.80000, 4.78340e-07
36.00000, 7.72138e-07
36.20000, 1.02836e-06
36.40000, -7.57327e-06
36.60000, 2.03951e-05
36.80000, -4.08330e-05
37.00000, 6.89886e-05
37.20000, -1.02129e-04
37.40000, 1.33571e-04
37.60000, -1.53614e-04
37.80000, 1.53899e-04
38.00000, -1.33406e-04
38.20000, 1.00470e-04
38.40000, -6.75541e-05
38.60000, 4.30876e-05
38.80000, -2.78670e-05
39.00000, 1.80646e-05
39.20000, -1.03158e-05
39.40000, 3.92618e-06
39.60000, 5.05014e-07
39.80000, -3.42092e-06
40.00000, 7.12831e-06
40.20000, -1.47390e-05
40.40000, 2.84570e-05
40.60000, -4.85441e-05
40.80000, 7.33358e-05
41.00000, -9.95765e-05
41.20000, 1.22335e-04
41.40000, -1.35271e-04
41.60000, 1.32868e-04
41.80000, -1.14118e-04
42.00000, 8.42558e-05
42.20000, -5.20729e-05
42.40000, 2.48797e-05
42.60000, -5.47388e-06
42.80000, -7.04794e-06
43.00000, 1.46153e-05
43.20000, -1.85052e-05
43.40000, 1.95772e-05
43.60000, -1.93244e-05
43.80000, 2.04425e-05
44.00000, -2.66863e-05
44.20000, 4.21367e-05
44.40000, -6.94490e-05
44.60000, 1.07707e-04
44.80000, -1.53127e-04
45.00000, 2.04169e-04
45.20000, -2.64851e-04
45.40000, 3.37983e-04
45.60000, -4.12303e-04
45.80000, 4.59759e-04
46.00000, -4.51410e-04
46.20000, 3.79523e-04
46.40000, -2.65195e-04
46.60000, 1.44865e-04
46.80000, -4.87063e-05
47.00000, -1.14995e-05
47.20000, 3.97041e-05
47.40000, -4.60932e-05
47.60000, 4.01713e-05
47.80000, -2.89176e-05
48.00000, 1.72460e-05
48.20000, -8.21468e-06
48.40000, 2.86972e-06
48.60000, -6.02905e-07
48.80000, 1.20239e-07
49.00000, -3.27051e-07
49.20000, 6.47194e-07
49.40000, -8.97993e-07
49.60000, 1.05812e-06
49.80000, -1.11850e-06
50.00000, 1.04709e-06
50.20000, -8.29828e-07
50.40000, 5.16855e-07
50.60000, -2.12201e-07
50.80000, 1.43934e-08
51.00000, 2.20692e-08
51.20000, 1.42637e-07
51.40000, -5.94051e-07
51.60000, 1.46085e-06
51.80000, -2.78789e-06
52.00000, 4.35318e-06
52.20000, -5.62889e-06
52.40000, 6.02709e-06
52.60000, -5.28543e-06
52.80000, 3.65690e-06
53.00000, -1.76459e-06
53.20000, 3.14436e-07
53.40000, 1.35514e-07
53.60000, 6.24036e-07
53.80000, -2.27265e-06
54.00000, 4.01487e-06
54.20000, -4.99478e-06
54.40000, 4.76568e-06
54.60000, -3.40490e-06
54.80000, 1.30305e-06
55.00000, 1.02317e-06
55.20000, -2.98843e-06
55.40000, 4.07033e-06
55.60000, -4.06909e-06
55.80000, 3.23947e-06
56.00000, -2.10693e-06
56.20000, 1.12934e-06
56.40000, -4.99238e-07
56.60000, 1.80626e-07
56.80000, -5.18540e-08
57.00000, 9.79838e-09
57.20000, 2.00668e-09
57.40000, -6.27924e-09
57.60000, 9.73961e-09
57.80000, -1.30210e-08
58.00000, 1.39368e-08
58.20000, -7.91440e-09
58.40000, -1.10677e-08
58.60000, 4.64563e-08
58.80000, -9.25432e-08
59.00000, 1.31460e-07
59.20000, -1.41341e-07
59.40000, 1.13336e-07
59.60000, -6.15549e-08
59.80000, 1.29913e-08
60.00000, 1.37677e-08
60.20000, -1.93382e-08
60.40000, 1.60425e-08
60.60000, -1.46850e-08
60.80000, 1.88943e-08
61.00000, -2.69533e-08
61.20000, 3.45752e-08
61.40000, -3.66196e-08
61.60000, 2.97623e-08
61.80000, -1.55319e-08
62.00000, -1.21572e-11
62.20000, 1.07709e-08
62.40000, -1.47571e-08
62.60000, 1.38223e-08
62.80000, -1.04631e-08
63.00000, 5.89591e-09
63.20000, -6.47932e-10
63.40000, -4.36762e-09
63.60000, 7.93473e-09
63.80000, -9.31877e-09
64.00000, 8.64295e-09
64.20000, -6.62278e-09
64.40000, 4.12116e-09
64.60000, -1.85093e-09
64.80000, 2.19402e-10
65.00000, 7.19970e-10
65.20000, -1.16911e-09
65.40000, 1.37728e-09
65.60000, -1.47438e-09
65.80000, 1.45256e-09
66.00000, -1.25950e-09
66.20000, 8.93043e-10
66.40000, -4.23788e-10
66.60000, -4.75592e-11
66.80000, 4.30947e-10
67.00000, -6.38388e-10
67.20000, 5.74304e-10
67.40000, -1.98255e-10
67.60000, -3.89281e-10
67.80000, 9.69880e-10
68.00000, -1.34782e-09
68.20000, 1.46027e-09
68.40000, -1.35460e-09
68.60000, 1.09922e-09
68.80000, -7.43929e-10
69.00000, 3.46222e-10
69.20000, 2.12053e-12
69.40000, -1.95287e-10
69.60000, 1.70327e-10
69.80000, 4.28441e-11
70.00000, -3.25285e-10
70.20000, 5.38877e-10
70.40000, -6.09595e-10
70.60000, 5.49686e-10
70.80000, -4.10839e-10
71.00000, 2.34212e-10
71.20000, -4.55364e-11
71.40000, -1.25801e-10
71.60000, 2.43707e-10
71.80000, -2.82415e-10
72.00000, 2.43350e-10
72.20000, -1.57559e-10
72.40000, 6.97151e-11
72.60000, -9.73040e-12
72.80000, -2.58868e-11
73.00000, 6.16109e-11
73.20000, -1.09950e-10
73.40000, 1.55076e-10
73.60000, -1.71758e-10
73.80000, 1.57134e-10
74.00000, -1.40630e-10
74.20000, 1.63896e-10
74.40000, -2.51303e-10
74.60000, 3.94199e-10
74.80000, -5.56060e-10
75.00000, 6.91722e-10
75.20000, -7.68271e-10
75.40000, 7.75380e-10
75.60000, -7.19976e-10
75.80000, 6.12770e-10
76.00000, -4.60996e-10
76.20000, 2.74372e-10
76.40000, -7.60998e-11
76.60000, -9.68395e-11
76.80000, 2.10493e-10
77.00000, -2.55427e-10
77.20000, 2.52456e-10
77.40000, -2.36216e-10
77.60000, 2.31457e-10
77.80000, -2.41039e-10
78.00000, 2.50366e-10
78.20000, -2.40354e-10
78.40000, 2.00738e-10
78.60000, -1.38453e-10
78.80000, 7.59979e-11
79.00000, -3.81684e-11
79.20000, 3.48575e-11
79.40000, -5.28625e-11
79.60000, 6.38712e-11
79.80000, -4.32312e-11
80.00000, -1.39343e-11
80.20000, 8.95885e-11
80.40000, -1.52826e-10
80.60000, 1.76427e-10
80.80000, -1.51850e-10
81.00000, 9.44946e-11
81.20000, -3.39503e-11
81.40000, -4.72714e-12
81.60000, 1.23943e-11
81.80000, 8.54689e-12
82.00000, -5.19696e-11
82.20000, 1.03890e-10
82.40000, -1.33960e-10
82.60000, 1.04831e-10
82.80000, -2.54672e-13
83.00000, -1.56292e-10
83.20000, 3.13522e-10
83.40000, -4.22107e-10
83.60000, 4.55673e-10
83.80000, -4.13756e-10
84.00000, 3.15527e-10
84.20000, -1.91861e-10
84.40000, 7.55087e-11
84.60000, 1.04365e-11
84.80000, -6.08724e-11
85.00000, 8.93429e-11
85.20000, -1.20358e-10
85.40000, 1.75453e-10
85.60000, -2.58705e-10
85.80000, 3.51738e-10
86.00000, -4.24201e-10
86.20000, 4.52213e-10
86.40000, -4.29379e-10
86.60000, 3.63481e-10
86.80000, -2.66432e-10
87.00000, 1.49100e-10
87.20000, -2.46549e-11
87.40000, -8.54640e-11
87.60000, 1.52059e-10
87.80000, -1.49517e-10
88.00000, 7.21686e-11
88.20000, 5.76508e-11
88.40000, -1.98425e-10
88.60000, 3.09696e-10
88.80000, -3.69578e-10
89.00000, 3.80099e-10
89.20000, -3.60349e-10
89.40000, 3.33821e-10
89.60000, -3.19382e-10
89.80000, 3.33700e-10
90.00000, -4.09064e-10
90.20000, 6.32236e-10
90.40000, -1.19252e-09
90.60000, 2.36030e-09
90.80000, -4.28701e-09
91.00000, 6.68228e-09
91.20000, -8.69682e-09
91.40000, 9.30791e-09
91.60000, -8.01109e-09
91.80000, 5.20807e-09
92.00000, -1.94142e-09
92.20000, -7.38122e-10
92.40000, 2.25351e-09
92.60000, -2.60577e-09
92.80000, 2.18888e-09
93.00000, -1.49387e-09
93.20000, 8.69113e-10
93.40000, -4.43570e-10
93.60000, 1.96194e-10
93.80000, -6.25264e-11
94.00000, -5.66080e-12
94.20000, 3.29626e-11
94.40000, -3.24486e-11
94.60000, 1.53083e-11
94.80000, 7.03950e-12
95.00000, -2.66625e-11
95.20000, 4.28591e-11
95.40000, -5.97089e-11
95.60000, 7.94543e-11
95.80000, -1.00360e-10
96.00000, 1.21363e-10
96.20000, -1.45150e-10
96.40000, 1.73167e-10
96.60000, -1.98036e-10
96.80000, 2.03764e-10
97.00000, -1.75805e-10
97.20000, 1.12453e-10
97.40000, -2.78844e-11
97.60000, -5.46378e-11
97.80000, 1.13302e-10
98.00000, -1.35868e-10
98.20000, 1.23158e-10
98.40000, -8.74295e-11
98.60000, 4.61943e-11
98.80000, -1.48069e-11
99.00000, 2.25819e-12
99.20000, -1.09644e-11
99.40000, 3.75876e-11
99.60000, -7.29721e-11
99.80000, 1.03321e-10
100.00000, -1.15307e-10
