# Frequency (THz), VDOS (THz^-1)
0.00000, -4.35052e-04
0.20000, 4.16309e-04
0.40000, -3.54663e-04
0.60000, 2.43216e-04
0.80000, -9.13936e-05
1.00000, -6.79964e-05
1.20000, 1.90072e-04
1.40000, -2.40480e-04
1.60000, 2.18627e-04
1.80000, -1.66791e-04
2.00000, 1.46416e-04
2.20000, -1.87651e-04
2.40000, 2.59424e-04
2.60000, -2.98857e-04
2.80000, 2.71922e-04
3.00000, -2.00048e-04
3.20000, 1.31102e-04
3.40000, -9.39286e-05
3.60000, 8.08704e-05
3.80000, -6.57743e-05
4.00000, 3.39757e-05
4.20000, 4.55746e-06
4.40000, -2.84881e-05
4.60000, 2.63955e-05
4.80000, -1.64979e-06
5.00000, -4.00230e-05
5.20000, 1.00208e-04
5.40000, -1.81696e-04
5.60000, 2.75043e-04
5.80000, -3.55489e-04
6.00000, 3.96442e-04
6.20000, -3.86880e-04
6.40000, 3.36011e-04
6.60000, -2.63837e-04
6.80000, 1.89608e-04
7.00000, -1.26192e-04
7.20000, 7.90613e-05
7.40000, -4.73929e-05
7.60000, 2.70997e-05
7.80000, -1.47406e-05
8.00000, 1.03163e-05
8.20000, -1.89500e-05
8.40000, 5.28678e-05
8.60000, -1.32071e-04
8.80000, 2.77080e-04
9.00000, -4.89049e-04
9.20000, 7.27448e-04
9.40000, -9.11142e-04
9.60000, 9.58247e-04
9.80000, -8.41055e-04
10.00000, 6.07505e-04
10.20000, -3.48014e-04
10.40000, 1.38633e-04
10.60000, -8.11963e-06
10.80000, -5.48057e-05
11.00000, 7.48454e-05
11.20000, -7.13805e-05
11.40000, 5.58282e-05
11.60000, -3.60371e-05
11.80000, 1.82436e-05
12.00000, -5.95740e-06
12.20000, -5.04226e-07
12.40000, 2.48893e-06
12.60000, -9.89983e-07
12.80000, -4.14297e-06
13.00000, 1.28971e-05
13.20000, -2.22200e-05
13.40000, 2.47057e-05
13.60000, -1.28038e-05
13.80000, -1.30489e-05
14.00000, 4.13981e-05
14.20000, -5.78125e-05
14.40000, 5.67544e-05
14.60000, -4.46283e-05
14.80000, 3.20319e-05
15.00000, -2.48464e-05
15.20000, 2.22931e-05
15.40000, -2.10717e-05
15.60000, 1.97807e-05
15.80000, -1.94878e-05
16.00000, 2.07796e-05
16.20000, -2.10400e-05
16.40000, 1.55963e-05
16.60000, -2.57540e-06
16.80000, -1.31222e-05
17.00000, 2.18253e-05
17.20000, -1.68963e-05
17.40000, 1.49618e-06
17.60000, 1.27093e-05
17.80000, -1.38602e-05
18.00000, -3.16338e-06
18.20000, 3.75148e-05
18.40000, -8.94804e-05
18.60000, 1.68042e-04
18.80000, -2.91421e-04
19.00000, 4.72120e-04
19.20000, -6.87651e-04
19.40000, 8.62712e-04
19.60000, -8.97973e-04
19.80000, 7.41356e-04
20.00000, -4.40625e-04
20.20000, 1.19450e-04
20.40000, 1.05624e-04
20.60000, -1.91794e-04
20.80000, 1.71417e-04
21.00000, -1.06946e-04
21.20000, 4.72702e-05
21.40000, -1.19183e-05
21.60000, -1.45733e-06
21.80000, 3.06292e-06
22.00000, -2.58096e-06
22.20000, 1.00493e-05
22.40000, -4.45930e-05
22.60000, 1.46449e-04
22.80000, -3.80287e-04
23.00000, 8.08501e-04
23.20000, -1.42433e-03
23.40000, 2.08489e-03
23.60000, -2.53190e-03
23.80000, 2.53975e-03
24.00000, -2.08824e-03
24.20000, 1.38912e-03
24.40000, -7.29639e-04
24.60000, 2.85768e-04
24.80000, -6.33819e-05
25.00000, -3.50362e-05
25.20000, 1.28499e-04
25.40000, -3.26493e-04
25.60000, 7.20032e-04
25.80000, -1.33909e-03
26.00000, 2.08228e-03
26.20000, -2.70422e-03
26.40000, 2.93271e-03
26.60000, -2.65514e-03
26.80000, 2.00569e-03
27.00000, -1.26433e-03
27.20000, 6.67481e-04
27.40000, -2.98540e-04
27.60000, 1.13146e-04
27.80000, -2.59602e-05
28.00000, -2.64987e-05
28.20000, 7.03213e-05
28.40000, -1.05676e-04
28.60000, 1.23487e-04
28.80000, -1.18162e-04
29.00000, 9.34513e-05
29.20000, -6.04621e-05
29.40000, 3.06642e-05
29.60000, -1.01727e-05
29.80000, -7.32840e-07
30.00000, 4.68112e-06
30.20000, -4.68412e-06
30.40000, 3.17816e-06
30.60000, -1.72629e-06
30.80000, 9.19479e-07
31.00000, -6.25634e-07
31.20000, 4.85440e-07
31.40000, -3.53458e-07
31.60000, 4.95273e-07
31.80000, -1.39168e-06
32.00000, 3.10241e-06
32.20000, -4.67720e-06
32.40000, 4.64700e-06
32.60000, -2.85711e-06
32.80000, 1.68869e-06
33.00000, -4.18997e-06
33.20000, 1.03404e-05
33.40000, -1.61917e-05
33.60000, 1.75885e-05
33.80000, -1.40551e-05
34.00000, 8.46408e-06
34.20000, -3.82738e-06
34.40000, 1.22719e-06
34.60000, -1.31981e-07
34.80000, -5.24557e-07
35.00000, 1.93687e-06
35.20000, -5.60643e-06
35.40000, 1.31713e-05
35.60000, -2.52097e-05
35.80000, 3.95922e-05
36.00000, -5.12702e-05
36.20000, 5.48285e-05
36.40000, -4.83668e-05
36.60000, 3.53104e-05
36.80000, -2.23540e-05
37.00000, 1.52628e-05
37.20000, -1.58032e-05
37.40000, 2.15245e-05
37.60000, -2.77650e-05
37.80000, 3.03078e-05
38.00000, -2.74108e-05
38.20000, 2.03391e-05
38.40000, -1.21311e-05
38.60000, 5.51856e-06
38.80000, -1.62084e-06
39.00000, 1.61507e-07
39.20000, -5.21626e-07
39.40000, 2.55335e-06
39.60000, -6.70341e-06
39.80000, 1.35164e-05
40.00000, -2.27066e-05
40.20000, 3.23527e-05
40.40000, -3.92670e-05
40.60000, 4.09661e-05
40.80000, -3.79384e-05
41.00000, 3.43896e-05
41.20000, -3.72259e-05
41.40000, 5.39967e-05
41.60000, -8.94321e-05
41.80000, 1.40510e-04
42.00000, -1.93656e-04
42.20000, 2.28748e-04
42.40000, -2.27221e-04
42.60000, 1.74146e-04
42.80000, -5.20168e-05
43.00000, -1.57574e-04
43.20000, 4.48762e-04
43.40000, -7.60407e-04
43.60000, 9.84384e-04
43.80000, -1.02867e-03
44.00000, 8.84505e-04
44.20000, -6.30757e-04
44.40000, 3.72907e-04
44.60000, -1.77919e-04
44.80000, 5.59390e-05
45.00000, 1.57167e-05
45.20000, -6.06724e-05
45.40000, 8.75883e-05
45.60000, -9.33835e-05
45.80000, 7.66668e-05
46.00000, -4.81647e-05
46.20000, 2.81617e-05
46.40000, -3.21087e-05
46.60000, 5.61621e-05
46.80000, -7.47758e-05
47.00000, 5.33440e-05
47.20000, 3.15820e-05
47.40000, -1.76290e-04
47.60000, 3.46281e-04
47.80000, -4.87368e-04
48.00000, 5.49544e-04
48.20000, -5.13752e-04
48.40000, 4.03117e-04
48.60000, -2.67486e-04
48.80000, 1.53449e-04
49.00000, -8.41477e-05
49.20000, 5.92451e-05
49.40000, -6.54562e-05
49.60000, 8.51334e-05
49.80000, -1.00927e-04
50.00000, 1.00584e-04
50.20000, -8.17497e-05
50.40000, 5.20037e-05
50.60000, -2.27180e-05
50.80000, 1.86749e-06
51.00000, 8.68123e-06
51.20000, -1.12917e-05
51.40000, 9.53687e-06
51.60000, -6.36117e-06
51.80000, 3.50799e-06
52.00000, -1.61624e-06
52.20000, 6.19114e-07
52.40000, -1.91994e-07
52.60000, 4.35464e-08
52.80000, -3.68509e-09
53.00000, -2.74258e-09
53.20000, 2.26623e-09
53.40000, -1.89447e-09
53.60000, 2.07614e-09
53.80000, -1.82793e-09
54.00000, 5.68412e-10
54.20000, 1.54068e-09
54.40000, -3.85559e-09
54.60000, 5.66884e-09
54.80000, -6.53753e-09
55.00000, 6.34130e-09
55.20000, -5.13795e-09
55.40000, 3.13274e-09
55.60000, -8.46980e-10
55.80000, -8.93254e-10
56.00000, 1.41860e-09
56.20000, -7.41293e-10
56.40000, -4.56320e-10
56.60000, 1.41249e-09
56.80000, -2.07202e-09
57.00000, 3.94897e-09
57.20000, -1.10031e-08
57.40000, 2.89358e-08
57.60000, -5.87635e-08
57.80000, 8.20453e-08
58.00000, -4.74799e-08
58.20000, -1.15171e-07
58.40000, 4.37899e-07
58.60000, -8.50437e-07
58.80000, 1.18583e-06
59.00000, -1.27928e-06
59.20000, 1.07284e-06
59.40000, -6.16950e-07
59.60000, -2.11137e-08
59.80000, 8.16585e-07
60.00000, -1.72645e-06
60.20000, 2.57737e-06
60.40000, -3.06932e-06
60.60000, 2.96260e-06
60.80000, -2.29208e-06
61.00000, 1.37462e-06
61.20000, -5.83678e-07
61.40000, 1.14097e-07
61.60000, 6.22594e-08
61.80000, -7.80790e-08
62.00000, 4.63805e-08
62.20000, -1.89554e-08
62.40000, 5.30869e-09
62.60000, -5.43982e-10
62.80000, -5.65258e-10
63.00000, 6.64993e-10
63.20000, -6.50048e-10
63.40000, 6.70029e-10
63.60000, -6.64413e-10
63.80000, 5.69686e-10
64.00000, -3.61002e-10
64.20000, 4.64506e-11
64.40000, 3.26433e-10
64.60000, -6.75262e-10
64.80000, 9.26062e-10
65.00000, -1.05019e-09
65.20000, 1.05252e-09
65.40000, -9.54784e-10
65.60000, 8.15519e-10
65.80000, -7.33171e-10
66.00000, 7.83295e-10
66.20000, -9.50324e-10
66.40000, 1.13022e-09
66.60000, -1.18727e-09
66.80000, 1.01499e-09
67.00000, -5.88905e-10
67.20000, -2.00019e-12
67.40000, 5.80493e-10
67.60000, -9.66434e-10
67.80000, 1.07157e-09
68.00000, -9.41302e-10
68.20000, 7.13689e-10
68.40000, -5.20291e-10
68.60000, 4.06287e-10
68.80000, -3.44360e-10
69.00000, 3.26572e-10
69.20000, -4.19333e-10
69.40000, 6.88080e-10
69.60000, -1.05396e-09
69.80000, 1.26626e-09
70.00000, -1.07846e-09
70.20000, 4.76132e-10
70.40000, 2.78707e-10
70.60000, -8.31069e-10
70.80000, 9.62812e-10
71.00000, -6.75952e-10
71.20000, 1.05382e-10
71.40000, 6.10075e-10
71.60000, -1.36288e-09
71.80000, 2.01503e-09
72.00000, -2.36928e-09
72.20000, 2.27353e-09
72.40000, -1.77592e-09
72.60000, 1.14296e-09
72.80000, -6.88322e-10
73.00000, 5.68458e-10
73.20000, -7.14815e-10
73.40000, 9.14378e-10
73.60000, -9.48235e-10
73.80000, 7.14178e-10
74.00000, -2.83389e-10
74.20000, -1.48798e-10
74.40000, 3.95655e-10
74.60000, -3.95218e-10
74.80000, 2.25144e-10
75.00000, -2.76299e-11
75.20000, -8.07818e-11
75.40000, 5.52755e-11
75.60000, 8.35802e-11
75.80000, -2.77288e-10
76.00000, 4.47199e-10
76.20000, -5.10490e-10
76.40000, 4.19135e-10
76.60000, -2.01004e-10
76.80000, -5.18644e-11
77.00000, 2.48972e-10
77.20000, -3.55334e-10
77.40000, 3.93303e-10
77.60000, -4.15671e-10
77.80000, 4.76000e-10
78.00000, -5.95389e-10
78.20000, 7.38213e-10
78.40000, -8.28027e-10
78.60000, 8.02912e-10
78.80000, -6.61811e-10
79.00000, 4.59373e-10
79.20000, -2.61964e-10
79.40000, 1.11875e-10
79.60000, -2.39510e-11
79.80000, -9.37982e-13
80.00000, -3.03593e-11
80.20000, 9.85875e-11
80.40000, -1.70559e-10
80.60000, 2.11974e-10
80.80000, -2.06652e-10
81.00000, 1.62779e-10
81.20000, -1.00021e-10
81.40000, 3.31505e-11
81.60000, 3.10692e-11
81.80000, -8.57284e-11
82.00000, 1.19476e-10
82.20000, -1.24348e-10
82.40000, 1.06703e-10
82.60000, -8.49070e-11
82.80000, 7.12303e-11
83.00000, -5.61648e-11
83.20000, 1.46370e-11
83.40000, 6.90159e-11
83.60000, -1.80518e-10
83.80000, 2.78712e-10
84.00000, -3.19671e-10
84.20000, 2.82299e-10
84.40000, -1.78036e-10
84.60000, 4.38097e-11
84.80000, 7.18664e-11
85.00000, -1.24100e-10
85.20000, 8.84792e-11
85.40000, 2.49173e-11
85.60000, -1.71346e-10
85.80000, 2.91614e-10
86.00000, -3.44314e-10
86.20000, 3.27646e-10
86.40000, -2.71340e-10
86.60000, 2.05140e-10
86.80000, -1.35396e-10
87.00000, 5.28719e-11
87.20000, 4.20819e-11
87.40000, -1.31063e-10
87.60000, 1.96927e-10
87.80000, -2.45621e-10
88.00000, 3.02577e-10
88.20000, -3.86924e-10
88.40000, 4.90197e-10
88.60000, -5.76872e-10
88.80000, 6.02173e-10
89.00000, -5.36432e-10
89.20000, 3.89235e-10
89.40000, -2.23960e-10
89.60000, 1.60460e-10
89.80000, -3.88990e-10
90.00000, 1.20410e-09
90.20000, -2.96685e-09
90.40000, 5.83203e-09
90.60000, -9.26472e-09
90.80000, 1.18137e-08
91.00000, -1.17503e-08
91.20000, 8.42426e-09
91.40000, -3.10589e-09
91.60000, -1.76085e-09
91.80000, 4.32452e-09
92.00000, -4.41173e-09
92.20000, 3.11180e-09
92.40000, -1.64779e-09
92.60000, 6.69190e-10
92.80000, -2.49796e-10
93.00000, 1.89974e-10
93.20000, -2.57215e-10
93.40000, 2.91689e-10
93.60000, -2.32397e-10
93.80000, 1.02254e-10
94.00000, 3.20077e-11
94.20000, -1.04707e-10
94.40000, 8.03046e-11
94.60000, 4.01593e-11
94.80000, -2.27060e-10
95.00000, 4.31535e-10
95.20000, -5.91661e-10
95.40000, 6.44769e-10
95.60000, -5.55287e-10
95.80000, 3.45356e-10
96.00000, -9.55223e-11
96.20000, -9.85528e-11
96.40000, 1.81569e-10
96.60000, -1.60354e-10
96.80000, 8.38177e-11
97.00000, -9.40651e-12
97.20000, -2.09684e-11
97.40000, -6.12406e-12
97.60000, 7.19761e-11
97.80000, -1.35601e-10
98.00000, 1.56472e-10
98.20000, -1.16341e-10
98.40000, 2.55475e-11
98.60000, 8.46009e-11
98.80000, -1.72421e-10
99.00000, 1.98073e-10
99.20000, -1.40354e-10
99.40000, 9.91712e-12
99.60000, 1.51406e-10
99.80000, -2.84533e-10
100.00000, 3.36179e-10
