# Frequency (THz), VDOS (THz^-1)
0.00000, -2.71160e-06
0.20000, 2.42921e-05
0.40000, -7.46904e-05
0.60000, 1.22109e-04
0.80000, -1.42845e-04
1.00000, 1.39333e-04
1.20000, -1.32461e-04
1.40000, 1.36847e-04
1.60000, -1.47129e-04
1.80000, 1.48387e-04
2.00000, -1.35315e-04
2.20000, 1.18381e-04
2.40000, -1.12611e-04
2.60000, 1.22017e-04
2.80000, -1.34757e-04
3.00000, 1.32993e-04
3.20000, -1.07664e-04
3.40000, 6.41539e-05
3.60000, -1.53824e-05
3.80000, -2.78460e-05
4.00000, 5.95922e-05
4.20000, -7.63007e-05
4.40000, 7.65896e-05
4.60000, -6.49477e-05
4.80000, 5.31797e-05
5.00000, -5.42221e-05
5.20000, 7.19775e-05
5.40000, -9.78513e-05
5.60000, 1.19537e-04
5.80000, -1.33426e-04
6.00000, 1.46238e-04
6.20000, -1.64012e-04
6.40000, 1.82423e-04
6.60000, -1.90019e-04
6.80000, 1.79417e-04
7.00000, -1.53387e-04
7.20000, 1.21158e-04
7.40000, -9.13013e-05
7.60000, 6.81068e-05
7.80000, -5.20558e-05
8.00000, 4.14556e-05
8.20000, -3.37147e-05
8.40000, 2.65466e-05
8.60000, -1.89722e-05
8.80000, 1.13020e-05
9.00000, -4.10915e-06
9.20000, -2.71175e-06
9.40000, 9.97477e-06
9.60000, -1.85226e-05
9.80000, 2.84520e-05
10.00000, -3.86935e-05
10.20000, 4.72860e-05
10.40000, -5.24272e-05
10.60000, 5.36330e-05
10.80000, -5.18980e-05
11.00000, 4.85693e-05
11.20000, -4.41057e-05
11.40000, 3.81195e-05
11.60000, -3.05516e-05
11.80000, 2.24530e-05
12.00000, -1.55348e-05
12.20000, 1.14278e-05
12.40000, -1.18563e-05
12.60000, 1.91031e-05
12.80000, -3.49562e-05
13.00000, 5.81631e-05
13.20000, -8.30847e-05
13.40000, 1.01371e-04
13.60000, -1.05234e-04
13.80000, 9.05900e-05
14.00000, -6.00193e-05
14.20000, 2.37771e-05
14.40000, 4.63450e-06
14.60000, -1.67961e-05
14.80000, 1.39757e-05
15.00000, -3.77939e-06
15.20000, -6.44121e-06
15.40000, 1.25562e-05
15.60000, -1.18022e-05
15.80000, -1.47921e-06
16.00000, 4.20811e-05
16.20000, -1.40488e-04
16.40000, 3.38018e-04
16.60000, -6.55222e-04
16.80000, 1.04403e-03
17.00000, -1.37448e-03
17.20000, 1.49906e-03
17.40000, -1.35757e-03
17.60000, 1.02202e-03
17.80000, -6.34377e-04
18.00000, 3.04764e-04
18.20000, -6.71507e-05
18.40000, -9.23126e-05
18.60000, 1.92163e-04
18.80000, -2.42643e-04
19.00000, 2.55853e-04
19.20000, -2.51175e-04
19.40000, 2.45277e-04
19.60000, -2.38838e-04
19.80000, 2.17308e-04
20.00000, -1.68032e-04
20.20000, 9.68164e-05
20.40000, -2.65223e-05
20.60000, -2.00091e-05
20.80000, 3.49843e-05
21.00000, -2.65146e-05
21.20000, 8.69456e-06
21.40000, 8.25278e-06
21.60000, -2.05231e-05
21.80000, 2.64348e-05
22.00000, -2.18525e-05
22.20000, 1.84801e-06
22.40000, 3.26500e-05
22.60000, -7.18267e-05
22.80000, 1.02512e-04
23.00000, -1.16564e-04
23.20000, 1.13570e-04
23.40000, -9.73522e-05
23.60000, 7.22427e-05
23.80000, -4.26710e-05
24.00000, 1.40484e-05
24.20000, 8.04973e-06
24.40000, -2.03233e-05
24.60000, 2.33828e-05
24.80000, -2.09229e-05
25.00000, 1.71263e-05
25.20000, -1.42589e-05
25.40000, 1.17693e-05
25.60000, -6.86645e-06
25.80000, -3.96525e-06
26.00000, 2.25767e-05
26.20000, -4.62037e-05
26.40000, 6.63352e-05
26.60000, -7.27252e-05
26.80000, 6.13927e-05
27.00000, -3.89883e-05
27.20000, 1.76986e-05
27.40000, -5.48867e-06
27.60000, 1.88229e-06
27.80000, -1.95683e-06
28.00000, 2.03500e-06
28.20000, -1.33974e-06
28.40000, 3.52481e-07
28.60000, 7.11128e-07
28.80000, -1.93398e-06
29.00000, 3.08070e-06
29.20000, -3.45530e-06
29.40000, 2.56011e-06
29.60000, -1.08819e-06
29.80000, 1.51645e-06
30.00000, -7.88927e-06
30.20000, 2.46479e-05
30.40000, -5.41500e-05
30.60000, 9.30140e-05
30.80000, -1.29674e-04
31.00000, 1.47135e-04
31.20000, -1.31820e-04
31.40000, 8.28686e-05
31.60000, -1.37328e-05
31.80000, -5.57088e-05
32.00000, 1.09474e-04
32.20000, -1.40702e-04
32.40000, 1.51937e-04
32.60000, -1.54659e-04
32.80000, 1.67012e-04
33.00000, -2.04515e-04
33.20000, 2.65610e-04
33.40000, -3.25364e-04
33.60000, 3.48743e-04
33.80000, -3.15469e-04
34.00000, 2.33025e-04
34.20000, -1.25662e-04
34.40000, 1.44747e-05
34.60000, 8.85442e-05
34.80000, -1.71028e-04
35.00000, 2.13869e-04
35.20000, -1.98341e-04
35.40000, 1.16858e-04
35.60000, 2.35370e-05
35.80000, -2.00831e-04
36.00000, 3.75223e-04
36.20000, -4.93718e-04
36.40000, 5.13610e-04
36.60000, -4.31550e-04
36.80000, 2.88042e-04
37.00000, -1.39106e-04
37.20000, 2.21499e-05
37.40000, 5.45981e-05
37.60000, -9.91733e-05
37.80000, 1.19412e-04
38.00000, -1.15213e-04
38.20000, 7.83758e-05
38.40000, 1.60905e-06
38.60000, -1.25063e-04
38.80000, 2.70433e-04
39.00000, -3.98354e-04
39.20000, 4.74018e-04
39.40000, -4.88997e-04
39.60000, 4.62112e-04
39.80000, -4.19816e-04
40.00000, 3.74336e-04
40.20000, -3.17685e-04
40.40000, 2.35987e-04
40.60000, -1.30243e-04
40.80000, 2.18565e-05
41.00000, 6.28291e-05
41.20000, -1.11170e-04
41.40000, 1.27022e-04
41.60000, -1.19040e-04
41.80000, 8.95532e-05
42.00000, -3.40868e-05
42.20000, -4.96578e-05
42.40000, 1.50896e-04
42.60000, -2.41930e-04
42.80000, 2.86591e-04
43.00000, -2.54775e-04
43.20000, 1.26518e-04
43.40000, 1.23568e-04
43.60000, -5.44407e-04
43.80000, 1.19415e-03
44.00000, -2.07947e-03
44.20000, 3.08848e-03
44.40000, -3.98884e-03
44.60000, 4.51812e-03
44.80000, -4.50429e-03
45.00000, 3.93037e-03
45.20000, -2.92812e-03
45.40000, 1.74032e-03
45.60000, -6.58006e-04
45.80000, -8.49347e-05
46.00000, 4.14183e-04
46.20000, -4.25254e-04
46.40000, 2.88083e-04
46.60000, -1.35387e-04
46.80000, 2.05942e-05
47.00000, 5.30609e-05
47.20000, -8.56721e-05
47.40000, 6.14126e-05
47.60000, 3.30905e-05
47.80000, -1.77144e-04
48.00000, 3.10920e-04
48.20000, -3.72229e-04
48.40000, 3.42243e-04
48.60000, -2.53855e-04
48.80000, 1.58379e-04
49.00000, -8.85152e-05
49.20000, 4.84225e-05
49.40000, -2.69676e-05
49.60000, 1.33711e-05
49.80000, -3.28343e-06
50.00000, -3.26634e-06
50.20000, 5.81651e-06
50.40000, -5.30459e-06
50.60000, 3.51586e-06
50.80000, -1.86309e-06
51.00000, 8.68560e-07
51.20000, -4.33682e-07
51.40000, 3.15052e-07
51.60000, -4.25356e-07
51.80000, 9.79997e-07
52.00000, -2.59171e-06
52.20000, 6.06058e-06
52.40000, -1.10985e-05
52.60000, 1.35947e-05
52.80000, -3.45400e-06
53.00000, -3.20977e-05
53.20000, 9.73403e-05
53.40000, -1.76768e-04
53.60000, 2.38103e-04
53.80000, -2.52904e-04
54.00000, 2.17411e-04
54.20000, -1.53323e-04
54.40000, 8.94760e-05
54.60000, -4.36490e-05
54.80000, 1.83455e-05
55.00000, -7.57133e-06
55.20000, 4.53310e-06
55.40000, -4.94078e-06
55.60000, 6.68243e-06
55.80000, -8.43375e-06
56.00000, 8.89843e-06
56.20000, -7.13715e-06
56.40000, 3.35802e-06
56.60000, 9.56603e-07
56.80000, -4.01666e-06
57.00000, 4.95349e-06
57.20000, -4.18489e-06
57.40000, 2.77284e-06
57.60000, -1.56464e-06
57.80000, 7.93213e-07
58.00000, -1.69156e-07
58.20000, -7.77495e-07
58.40000, 2.25759e-06
58.60000, -3.89175e-06
58.80000, 4.84135e-06
59.00000, -4.46195e-06
59.20000, 2.90637e-06
59.40000, -1.01272e-06
59.60000, -4.58524e-07
59.80000, 1.51957e-06
60.00000, -2.98281e-06
60.20000, 5.76898e-06
60.40000, -9.94312e-06
60.60000, 1.42542e-05
60.80000, -1.67615e-05
61.00000, 1.61981e-05
61.20000, -1.28940e-05
61.40000, 8.43939e-06
61.60000, -4.50478e-06
61.80000, 1.92164e-06
62.00000, -6.20129e-07
62.20000, 1.21768e-07
62.40000, 9.08345e-09
62.60000, -1.53198e-08
62.80000, -4.64352e-09
63.00000, 1.92293e-08
63.20000, -2.21954e-08
63.40000, 1.72238e-08
63.60000, -1.04529e-08
63.80000, 6.06536e-09
64.00000, -5.36011e-09
64.20000, 8.01510e-09
64.40000, -1.30806e-08
64.60000, 1.88462e-08
64.80000, -2.27983e-08
65.00000, 2.27954e-08
65.20000, -1.86340e-08
65.40000, 1.22299e-08
65.60000, -6.14310e-09
65.80000, 1.98327e-09
66.00000, 2.60635e-11
66.20000, -5.11727e-10
66.40000, 2.47690e-10
66.60000, 2.76659e-10
66.80000, -9.34620e-10
67.00000, 1.73990e-09
67.20000, -2.55749e-09
67.40000, 3.06139e-09
67.60000, -2.99075e-09
67.80000, 2.40295e-09
68.00000, -1.61861e-09
68.20000, 9.03379e-10
68.40000, -2.25571e-10
68.60000, -6.55742e-10
68.80000, 1.88716e-09
69.00000, -3.34456e-09
69.20000, 4.71964e-09
69.40000, -5.64199e-09
69.60000, 5.64900e-09
69.80000, -4.23335e-09
70.00000, 1.25738e-09
70.20000, 2.58289e-09
70.40000, -5.95556e-09
70.60000, 7.80013e-09
70.80000, -8.02761e-09
71.00000, 7.27902e-09
71.20000, -6.16126e-09
71.40000, 4.87386e-09
71.60000, -3.42456e-09
71.80000, 1.91256e-09
72.00000, -5.22866e-10
72.20000, -6.19286e-10
72.40000, 1.49061e-09
72.60000, -2.10087e-09
72.80000, 2.43529e-09
73.00000, -2.45732e-09
73.20000, 2.13511e-09
73.40000, -1.46960e-09
73.60000, 5.38945e-10
73.80000, 4.58153e-10
74.00000, -1.22839e-09
74.20000, 1.50864e-09
74.40000, -1.20125e-09
74.60000, 3.91667e-10
74.80000, 7.52136e-10
75.00000, -2.06117e-09
75.20000, 3.34330e-09
75.40000, -4.33878e-09
75.60000, 4.77462e-09
75.80000, -4.51068e-09
76.00000, 3.65050e-09
76.20000, -2.50573e-09
76.40000, 1.42803e-09
76.60000, -6.39257e-10
76.80000, 1.83699e-10
77.00000, 6.15242e-12
77.20000, -3.97345e-11
77.40000, 5.29051e-11
77.60000, -1.96489e-10
77.80000, 5.70058e-10
78.00000, -1.13202e-09
78.20000, 1.67878e-09
78.40000, -1.93978e-09
78.60000, 1.73109e-09
78.80000, -1.05994e-09
79.00000, 1.17674e-10
79.20000, 8.23886e-10
79.40000, -1.54570e-09
79.60000, 1.96403e-09
79.80000, -2.11615e-09
80.00000, 2.07649e-09
80.20000, -1.88410e-09
80.40000, 1.54298e-09
80.60000, -1.08417e-09
80.80000, 6.18242e-10
81.00000, -3.14217e-10
81.20000, 3.08078e-10
81.40000, -6.10391e-10
81.60000, 1.08874e-09
81.80000, -1.54420e-09
82.00000, 1.82950e-09
82.20000, -1.92140e-09
82.40000, 1.88996e-09
82.60000, -1.79363e-09
82.80000, 1.60384e-09
83.00000, -1.23938e-09
83.20000, 6.79332e-10
83.40000, -3.74782e-11
83.60000, -4.90653e-10
83.80000, 7.75586e-10
84.00000, -8.59404e-10
84.20000, 9.06011e-10
84.40000, -1.03503e-09
84.60000, 1.20439e-09
84.80000, -1.25687e-09
85.00000, 1.07144e-09
85.20000, -6.64518e-10
85.40000, 1.66826e-10
85.60000, 2.65468e-10
85.80000, -5.19489e-10
86.00000, 5.52819e-10
86.20000, -3.94574e-10
86.40000, 1.20889e-10
86.60000, 1.91352e-10
86.80000, -4.96382e-10
87.00000, 7.66078e-10
87.20000, -9.53558e-10
87.40000, 9.86130e-10
87.60000, -8.05306e-10
87.80000, 4.18775e-10
88.00000, 8.25792e-11
88.20000, -5.60844e-10
88.40000, 9.02970e-10
88.60000, -1.08338e-09
88.80000, 1.16868e-09
89.00000, -1.25745e-09
89.20000, 1.40236e-09
89.40000, -1.56269e-09
89.60000, 1.58738e-09
89.80000, -1.15796e-09
90.00000, -5.20762e-10
90.20000, 5.57310e-09
90.40000, -1.85440e-08
90.60000, 4.59167e-08
90.80000, -9.17159e-08
91.00000, 1.50358e-07
91.20000, -2.03798e-07
91.40000, 2.29682e-07
91.60000, -2.16440e-07
91.80000, 1.71570e-07
92.00000, -1.15155e-07
92.20000, 6.58544e-08
92.40000, -3.21560e-08
92.60000, 1.31888e-08
92.80000, -4.12367e-09
93.00000, 4.02445e-10
93.20000, 8.47968e-10
93.40000, -1.08049e-09
93.60000, 9.48756e-10
93.80000, -7.30875e-10
94.00000, 5.35439e-10
94.20000, -3.97907e-10
94.40000, 3.24877e-10
94.60000, -3.03287e-10
94.80000, 2.97918e-10
95.00000, -2.64593e-10
95.20000, 1.81290e-10
95.40000, -7.07518e-11
95.60000, -1.01924e-11
95.80000, 1.05386e-11
96.00000, 7.60905e-11
96.20000, -2.03775e-10
96.40000, 3.03057e-10
96.60000, -3.24615e-10
96.80000, 2.67907e-10
97.00000, -1.77328e-10
97.20000, 1.11653e-10
97.40000, -1.10459e-10
97.60000, 1.79923e-10
97.80000, -3.02274e-10
98.00000, 4.56064e-10
98.20000, -6.30297e-10
98.40000, 8.22540e-10
98.60000, -1.02361e-09
98.80000, 1.20406e-09
99.00000, -1.32022e-09
99.20000, 1.34156e-09
99.40000, -1.27706e-09
99.60000, 1.17354e-09
99.80000, -1.08669e-09
100.00000, 1.05379e-09
