# Time(ps) Norm. Int.(No Units) 
0.000000 1.000000 
0.005000 0.496065 
0.010000 -0.107211 
0.015000 -0.089448 
0.020000 0.068335 
0.025000 -0.081314 
0.030000 -0.103790 
0.035000 0.043732 
0.040000 0.058510 
0.045000 0.052708 
0.050000 0.044496 
0.055000 -0.010279 
0.060000 -0.098770 
0.065000 -0.035289 
0.070000 -0.023687 
0.075000 0.005383 
0.080000 0.040631 
0.085000 0.023240 
0.090000 -0.038589 
0.095000 0.006674 
0.100000 0.092307 
0.105000 0.061122 
0.110000 0.055231 
0.115000 -0.001534 
0.120000 -0.052594 
0.125000 -0.035464 
0.130000 0.080938 
0.135000 0.013966 
0.140000 -0.053638 
0.145000 0.014676 
0.150000 0.035349 
0.155000 -0.051803 
0.160000 -0.050677 
0.165000 0.033183 
0.170000 -0.022363 
0.175000 0.013164 
0.180000 0.093595 
0.185000 0.057789 
0.190000 -0.089551 
0.195000 -0.032323 
0.200000 0.047045 
0.205000 -0.003959 
0.210000 -0.034500 
0.215000 0.020620 
0.220000 0.028163 
0.225000 -0.055558 
0.230000 -0.015632 
0.235000 0.028090 
0.240000 0.022226 
0.245000 -0.055017 
0.250000 -0.022287 
0.255000 0.040158 
0.260000 0.070162 
0.265000 0.030390 
0.270000 -0.000664 
0.275000 0.018371 
0.280000 -0.001778 
0.285000 -0.010483 
0.290000 -0.026718 
0.295000 -0.000242 
0.300000 -0.028004 
0.305000 -0.004801 
0.310000 0.004282 
0.315000 0.006754 
0.320000 -0.002996 
0.325000 0.015583 
0.330000 0.028858 
0.335000 0.010198 
0.340000 0.015275 
0.345000 -0.039365 
0.350000 -0.061985 
0.355000 -0.034740 
0.360000 0.060051 
0.365000 0.036473 
0.370000 -0.005406 
0.375000 0.005062 
0.380000 0.036450 
0.385000 -0.012988 
0.390000 -0.070397 
0.395000 -0.005887 
0.400000 0.051377 
0.405000 0.044339 
0.410000 -0.018774 
0.415000 0.015484 
0.420000 0.012441 
0.425000 -0.025066 
0.430000 -0.050495 
0.435000 0.016194 
0.440000 0.058923 
0.445000 0.027645 
0.450000 -0.001325 
0.455000 -0.024978 
0.460000 -0.019510 
0.465000 -0.049212 
0.470000 -0.042570 
0.475000 -0.033263 
0.480000 0.042347 
0.485000 0.060311 
0.490000 0.014340 
0.495000 -0.040610 
0.500000 -0.026707 
0.505000 0.003429 
0.510000 -0.009510 
0.515000 0.009774 
0.520000 0.018840 
0.525000 0.043329 
0.530000 0.024773 
0.535000 0.013701 
0.540000 -0.036652 
0.545000 -0.026250 
0.550000 0.008970 
0.555000 0.019820 
0.560000 0.007824 
0.565000 0.009352 
0.570000 0.016656 
0.575000 -0.033067 
0.580000 -0.032691 
0.585000 -0.009483 
0.590000 0.042148 
0.595000 0.030610 
0.600000 0.010444 
0.605000 -0.019150 
0.610000 -0.002064 
0.615000 0.010667 
0.620000 -0.011189 
0.625000 0.004385 
0.630000 0.025810 
0.635000 0.005745 
0.640000 -0.055348 
0.645000 0.010490 
0.650000 0.059832 
0.655000 0.018455 
0.660000 -0.038610 
0.665000 0.021540 
0.670000 0.047140 
0.675000 -0.014124 
0.680000 -0.021416 
0.685000 0.025262 
0.690000 0.038528 
0.695000 -0.019728 
0.700000 -0.015863 
0.705000 -0.015491 
0.710000 -0.009598 
0.715000 -0.015064 
0.720000 0.009926 
0.725000 0.005518 
0.730000 -0.001401 
0.735000 0.012137 
0.740000 0.003286 
0.745000 -0.018160 
0.750000 -0.032651 
0.755000 0.025753 
0.760000 0.044256 
0.765000 0.024745 
0.770000 -0.026637 
0.775000 -0.022814 
0.780000 -0.027577 
0.785000 -0.043087 
0.790000 -0.035857 
0.795000 0.008754 
0.800000 0.059019 
0.805000 0.043851 
0.810000 0.013235 
0.815000 -0.026738 
0.820000 -0.007747 
0.825000 -0.004706 
0.830000 -0.002777 
0.835000 -0.013626 
0.840000 0.004749 
0.845000 0.011244 
0.850000 -0.002884 
0.855000 -0.009489 
0.860000 -0.014430 
0.865000 0.015704 
0.870000 0.024962 
0.875000 0.017998 
0.880000 -0.029798 
0.885000 -0.014206 
0.890000 0.010036 
0.895000 0.008550 
0.900000 -0.012404 
0.905000 0.008352 
0.910000 0.027166 
0.915000 -0.006634 
0.920000 -0.013863 
0.925000 -0.000483 
0.930000 0.019672 
0.935000 -0.007408 
0.940000 -0.001066 
0.945000 0.007083 
0.950000 0.021381 
0.955000 0.000839 
0.960000 -0.016918 
0.965000 -0.000368 
0.970000 0.025148 
0.975000 0.018729 
0.980000 -0.023132 
0.985000 -0.004347 
0.990000 0.003538 
0.995000 -0.009041 
1.000000 -0.023751 
1.005000 0.021963 
1.010000 0.020896 
1.015000 -0.013693 
1.020000 -0.010443 
1.025000 0.018320 
1.030000 0.010792 
1.035000 -0.024769 
1.040000 -0.009754 
1.045000 -0.005741 
1.050000 0.008822 
1.055000 0.020584 
1.060000 0.036836 
1.065000 -0.007327 
1.070000 -0.034279 
1.075000 -0.019167 
1.080000 -0.005189 
1.085000 -0.013111 
1.090000 -0.009426 
1.095000 0.026178 
1.100000 0.013035 
1.105000 -0.001117 
1.110000 -0.007219 
1.115000 0.004507 
1.120000 -0.025721 
1.125000 -0.021931 
1.130000 0.011164 
1.135000 0.020092 
1.140000 -0.006344 
1.145000 -0.010449 
1.150000 0.015087 
1.155000 -0.007865 
1.160000 -0.012093 
1.165000 0.014487 
1.170000 0.039214 
1.175000 -0.012589 
1.180000 -0.030260 
1.185000 -0.004693 
1.190000 0.004233 
1.195000 -0.015574 
1.200000 0.009702 
1.205000 0.056861 
1.210000 0.015263 
1.215000 -0.041009 
1.220000 -0.038512 
1.225000 0.011957 
1.230000 -0.002856 
1.235000 -0.002120 
1.240000 0.030718 
1.245000 0.034975 
1.250000 -0.024450 
1.255000 -0.043771 
1.260000 -0.006157 
1.265000 -0.009049 
1.270000 -0.010490 
1.275000 0.025925 
1.280000 0.057009 
1.285000 -0.004379 
1.290000 -0.028006 
1.295000 0.001643 
1.300000 0.006995 
1.305000 -0.033846 
1.310000 -0.011322 
1.315000 0.040043 
1.320000 0.010645 
1.325000 -0.027531 
1.330000 -0.005651 
1.335000 0.031677 
1.340000 -0.011758 
1.345000 -0.025628 
1.350000 0.005988 
1.355000 0.023401 
1.360000 -0.013191 
1.365000 -0.010809 
1.370000 0.018911 
1.375000 -0.000290 
1.380000 -0.024535 
1.385000 -0.004621 
1.390000 0.024681 
1.395000 -0.012380 
1.400000 -0.011897 
1.405000 0.021956 
1.410000 0.020227 
1.415000 -0.033398 
1.420000 -0.019354 
1.425000 0.021350 
1.430000 -0.004031 
1.435000 -0.030414 
1.440000 0.004696 
1.445000 0.035419 
1.450000 -0.010986 
1.455000 -0.016812 
1.460000 0.011906 
1.465000 0.012716 
1.470000 -0.028302 
1.475000 -0.017131 
1.480000 0.006623 
1.485000 -0.002683 
1.490000 -0.006317 
1.495000 0.010391 
1.500000 0.013345 
1.505000 -0.016586 
1.510000 -0.006484 
1.515000 0.004039 
1.520000 -0.006097 
1.525000 -0.031178 
1.530000 -0.007653 
1.535000 0.014604 
1.540000 0.006734 
1.545000 -0.001503 
1.550000 0.007966 
1.555000 0.006061 
1.560000 -0.026037 
1.565000 -0.019021 
1.570000 0.000716 
1.575000 0.007610 
1.580000 -0.007753 
1.585000 0.011228 
1.590000 0.014343 
1.595000 -0.011435 
1.600000 -0.022990 
1.605000 -0.000097 
1.610000 0.012632 
1.615000 -0.005185 
1.620000 0.000530 
1.625000 0.000105 
1.630000 -0.007277 
1.635000 -0.011099 
1.640000 0.018871 
1.645000 0.012274 
1.650000 -0.017922 
1.655000 -0.020099 
1.660000 0.004783 
1.665000 0.002052 
1.670000 -0.018505 
1.675000 0.003689 
1.680000 0.018526 
1.685000 0.005082 
1.690000 -0.014524 
1.695000 0.006598 
1.700000 0.001304 
1.705000 -0.021425 
1.710000 -0.019684 
1.715000 0.005785 
1.720000 0.005497 
1.725000 -0.006100 
1.730000 0.010160 
1.735000 0.006851 
1.740000 -0.011190 
1.745000 -0.019332 
1.750000 0.001352 
1.755000 -0.006235 
1.760000 -0.009428 
1.765000 0.005476 
1.770000 0.017305 
1.775000 0.002986 
1.780000 -0.007142 
1.785000 0.001873 
1.790000 -0.003901 
1.795000 -0.006930 
1.800000 -0.009002 
1.805000 -0.000697 
1.810000 -0.004558 
1.815000 0.006327 
1.820000 0.008140 
1.825000 -0.003147 
1.830000 -0.017232 
1.835000 -0.010918 
1.840000 0.003836 
1.845000 -0.002562 
1.850000 -0.005211 
1.855000 0.000022 
1.860000 0.012714 
1.865000 -0.001785 
1.870000 -0.005384 
1.875000 -0.000350 
1.880000 -0.001307 
1.885000 -0.020353 
1.890000 -0.016659 
1.895000 0.008693 
1.900000 0.011195 
1.905000 0.003138 
1.910000 0.000493 
1.915000 0.005745 
1.920000 -0.009759 
1.925000 -0.006221 
1.930000 0.000925 
1.935000 -0.002576 
1.940000 -0.013317 
1.945000 0.000519 
1.950000 0.010890 
1.955000 -0.005334 
1.960000 -0.007592 
1.965000 0.007815 
1.970000 0.013709 
1.975000 -0.012313 
1.980000 -0.014597 
1.985000 -0.004207 
1.990000 0.000032 
1.995000 -0.009099 
2.000000 -0.001141 
2.005000 0.003750 
2.010000 -0.010198 
2.015000 -0.012886 
2.020000 0.000756 
2.025000 0.011666 
2.030000 -0.000342 
2.035000 0.004179 
2.040000 0.004282 
2.045000 -0.007534 
2.050000 -0.020148 
2.055000 -0.003235 
2.060000 0.005699 
2.065000 -0.006048 
2.070000 -0.001525 
2.075000 0.016649 
2.080000 0.015039 
2.085000 -0.013368 
2.090000 -0.012437 
2.095000 -0.000458 
2.100000 0.001787 
2.105000 -0.008819 
2.110000 0.003589 
2.115000 0.014746 
2.120000 0.002468 
2.125000 -0.017051 
2.130000 -0.016773 
2.135000 0.002801 
2.140000 0.007276 
2.145000 0.006136 
2.150000 -0.000533 
2.155000 0.001154 
2.160000 -0.004373 
2.165000 -0.002955 
2.170000 -0.003892 
2.175000 -0.004805 
2.180000 -0.003896 
2.185000 -0.001399 
2.190000 0.000083 
2.195000 -0.002528 
2.200000 0.008486 
2.205000 0.009539 
2.210000 0.000353 
2.215000 -0.015140 
2.220000 -0.008471 
2.225000 0.000283 
2.230000 0.002798 
2.235000 -0.002116 
2.240000 -0.005410 
2.245000 -0.002986 
2.250000 -0.001921 
2.255000 0.003739 
2.260000 0.003856 
2.265000 0.007561 
2.270000 -0.001260 
2.275000 -0.006744 
2.280000 -0.007831 
2.285000 -0.000693 
2.290000 -0.002274 
2.295000 -0.005267 
2.300000 -0.001051 
2.305000 0.000698 
2.310000 0.002424 
2.315000 0.000699 
2.320000 0.002611 
2.325000 -0.005143 
2.330000 -0.002891 
2.335000 -0.001288 
2.340000 -0.003501 
2.345000 -0.009812 
2.350000 -0.001548 
2.355000 0.009126 
2.360000 0.002023 
2.365000 -0.007842 
2.370000 -0.007252 
2.375000 0.005766 
2.380000 0.002805 
2.385000 -0.003406 
2.390000 -0.006633 
2.395000 0.001998 
2.400000 0.000969 
2.405000 -0.003777 
2.410000 -0.001845 
2.415000 0.002634 
2.420000 -0.000381 
2.425000 -0.008720 
2.430000 -0.003458 
2.435000 -0.000355 
2.440000 0.004177 
2.445000 0.004584 
2.450000 0.004284 
2.455000 -0.007072 
2.460000 -0.006612 
2.465000 0.002107 
2.470000 -0.002604 
2.475000 -0.012835 
2.480000 -0.004301 
2.485000 0.013108 
2.490000 0.000823 
2.495000 -0.010929 
2.500000 -0.002708 
2.505000 0.007893 
2.510000 -0.008034 
2.515000 -0.011595 
2.520000 0.004827 
2.525000 0.008646 
2.530000 -0.005940 
2.535000 -0.007978 
2.540000 0.004758 
2.545000 -0.000170 
2.550000 -0.004345 
2.555000 0.001951 
2.560000 0.007675 
2.565000 -0.006188 
2.570000 -0.007570 
2.575000 0.001252 
2.580000 -0.001403 
2.585000 -0.009985 
2.590000 0.000550 
2.595000 0.015381 
2.600000 0.002161 
2.605000 -0.010645 
2.610000 -0.004903 
2.615000 0.005336 
2.620000 -0.005600 
2.625000 -0.007546 
2.630000 0.001946 
2.635000 0.004438 
2.640000 -0.002968 
2.645000 0.001015 
2.650000 0.007834 
2.655000 -0.004773 
2.660000 -0.011756 
2.665000 -0.001319 
2.670000 0.008560 
2.675000 -0.004695 
2.680000 -0.006155 
2.685000 0.005489 
2.690000 0.006384 
2.695000 -0.006303 
2.700000 -0.002280 
2.705000 0.009011 
2.710000 0.000039 
2.715000 -0.006956 
2.720000 0.002591 
2.725000 0.010327 
2.730000 -0.003884 
2.735000 -0.005933 
2.740000 0.001895 
2.745000 0.000700 
2.750000 -0.006605 
2.755000 0.002886 
2.760000 0.009954 
2.765000 -0.002389 
2.770000 -0.006733 
2.775000 0.002470 
2.780000 0.005255 
2.785000 -0.005416 
2.790000 0.000412 
2.795000 0.006510 
2.800000 -0.001821 
2.805000 -0.010817 
2.810000 0.000904 
2.815000 0.009214 
2.820000 0.000636 
2.825000 -0.001829 
2.830000 0.003876 
2.835000 0.002480 
2.840000 -0.007832 
2.845000 -0.002396 
2.850000 0.002974 
2.855000 -0.000492 
2.860000 -0.003895 
2.865000 0.004304 
2.870000 0.003073 
2.875000 -0.006709 
2.880000 -0.002742 
2.885000 0.006002 
2.890000 0.000970 
2.895000 -0.008521 
2.900000 0.002999 
2.905000 0.008773 
2.910000 -0.002727 
2.915000 -0.010960 
2.920000 0.001501 
2.925000 0.004994 
2.930000 -0.004812 
2.935000 -0.003258 
2.940000 0.005928 
2.945000 0.002503 
2.950000 -0.007540 
2.955000 -0.000692 
2.960000 0.003968 
2.965000 -0.000097 
2.970000 -0.002067 
2.975000 0.005077 
2.980000 0.000324 
2.985000 -0.007875 
2.990000 -0.003260 
2.995000 0.002592 
3.000000 -0.001463 
3.005000 -0.002105 
3.010000 0.009905 
3.015000 0.007194 
3.020000 -0.006395 
3.025000 -0.009460 
3.030000 0.001696 
3.035000 -0.000340 
3.040000 -0.006963 
3.045000 -0.000340 
3.050000 0.008314 
3.055000 0.002780 
3.060000 -0.004226 
3.065000 0.003047 
3.070000 0.004491 
3.075000 -0.002393 
3.080000 -0.004857 
3.085000 0.002875 
3.090000 0.000130 
3.095000 -0.005530 
3.100000 -0.001505 
3.105000 0.004442 
3.110000 0.001135 
3.115000 -0.001193 
3.120000 0.004068 
3.125000 0.000146 
3.130000 -0.005307 
3.135000 -0.000961 
3.140000 0.007256 
3.145000 0.000636 
3.150000 -0.003934 
3.155000 0.000249 
3.160000 -0.000673 
3.165000 -0.007351 
3.170000 -0.001761 
3.175000 0.009346 
3.180000 0.002707 
3.185000 -0.005569 
3.190000 -0.000133 
3.195000 0.007239 
3.200000 -0.001614 
3.205000 -0.006264 
3.210000 -0.000653 
3.215000 0.001549 
3.220000 -0.003063 
3.225000 -0.001004 
3.230000 0.004354 
3.235000 -0.000068 
3.240000 -0.003138 
3.245000 0.000498 
3.250000 0.003573 
3.255000 -0.002269 
3.260000 -0.002155 
3.265000 0.001131 
3.270000 -0.001601 
3.275000 -0.006379 
3.280000 -0.000305 
3.285000 0.006675 
3.290000 0.000401 
3.295000 -0.004231 
3.300000 0.001612 
3.305000 0.005931 
3.310000 -0.002831 
3.315000 -0.004760 
3.320000 0.001857 
3.325000 0.002656 
3.330000 -0.004258 
3.335000 -0.001820 
3.340000 0.005342 
3.345000 0.002038 
3.350000 -0.002960 
3.355000 -0.000574 
3.360000 0.002488 
3.365000 -0.002766 
3.370000 -0.002264 
3.375000 0.002610 
3.380000 0.002965 
3.385000 -0.000781 
3.390000 0.001579 
3.395000 0.001989 
3.400000 -0.005342 
3.405000 -0.006138 
3.410000 0.002559 
3.415000 0.006488 
3.420000 -0.000657 
3.425000 -0.000699 
3.430000 0.004184 
3.435000 0.002142 
3.440000 -0.005733 
3.445000 -0.004306 
3.450000 0.001149 
3.455000 0.000586 
3.460000 -0.000389 
3.465000 0.002456 
3.470000 0.003687 
3.475000 -0.001090 
3.480000 -0.001944 
3.485000 -0.000530 
3.490000 0.000242 
3.495000 -0.000559 
3.500000 0.000996 
3.505000 0.000308 
3.510000 -0.001858 
3.515000 -0.000250 
3.520000 0.002381 
3.525000 0.000817 
3.530000 -0.003758 
3.535000 -0.002075 
3.540000 0.001071 
3.545000 0.001346 
3.550000 -0.000981 
3.555000 0.000750 
3.560000 0.002104 
3.565000 -0.000218 
3.570000 -0.002928 
3.575000 -0.002672 
3.580000 -0.000956 
3.585000 -0.000746 
3.590000 0.001462 
3.595000 0.002258 
3.600000 0.000698 
3.605000 -0.002522 
3.610000 -0.002068 
3.615000 -0.001389 
3.620000 -0.001204 
3.625000 0.000250 
3.630000 0.001825 
3.635000 0.000168 
3.640000 -0.003414 
3.645000 -0.002123 
3.650000 0.000728 
3.655000 0.001978 
3.660000 0.000403 
3.665000 0.000503 
3.670000 -0.000074 
3.675000 -0.001253 
3.680000 -0.001807 
3.685000 -0.001002 
3.690000 -0.000357 
3.695000 -0.000451 
3.700000 0.001017 
3.705000 0.000900 
3.710000 -0.000530 
3.715000 -0.001819 
3.720000 0.000523 
3.725000 0.001357 
3.730000 -0.000181 
3.735000 -0.001081 
3.740000 0.000371 
3.745000 0.000171 
3.750000 -0.002229 
3.755000 -0.000937 
3.760000 0.002364 
3.765000 0.002903 
3.770000 -0.000970 
3.775000 -0.001894 
3.780000 -0.000419 
3.785000 0.000286 
3.790000 -0.000882 
3.795000 -0.000038 
3.800000 0.001804 
3.805000 0.001106 
3.810000 -0.000245 
3.815000 -0.000189 
3.820000 0.000740 
3.825000 -0.001036 
3.830000 -0.001478 
3.835000 0.000095 
3.840000 0.001685 
3.845000 0.000624 
3.850000 0.000160 
3.855000 0.000415 
3.860000 -0.000416 
3.865000 -0.000269 
3.870000 0.001339 
3.875000 0.001569 
3.880000 -0.001666 
3.885000 -0.001833 
3.890000 0.000794 
3.895000 0.001860 
3.900000 -0.000027 
3.905000 0.000428 
3.910000 0.001485 
3.915000 -0.000697 
3.920000 -0.002581 
3.925000 -0.000581 
3.930000 0.001935 
3.935000 0.000277 
3.940000 -0.000409 
3.945000 0.000907 
3.950000 0.000983 
3.955000 -0.001552 
3.960000 -0.001183 
3.965000 0.000736 
3.970000 0.000053 
3.975000 -0.001005 
3.980000 0.000764 
3.985000 0.002240 
3.990000 -0.000234 
3.995000 -0.001275 
4.000000 0.000013 
4.005000 0.000471 
4.010000 -0.001040 
4.015000 -0.000071 
4.020000 0.001142 
4.025000 -0.000232 
4.030000 -0.001372 
4.035000 -0.000001 
4.040000 0.000936 
4.045000 -0.000456 
4.050000 -0.000033 
4.055000 0.001057 
4.060000 0.000422 
4.065000 -0.001426 
4.070000 -0.000652 
4.075000 0.000118 
4.080000 -0.000791 
4.085000 -0.000846 
4.090000 0.000972 
4.095000 0.001366 
4.100000 -0.000618 
4.105000 -0.000544 
4.110000 0.000510 
4.115000 -0.000160 
4.120000 -0.001870 
4.125000 -0.000459 
4.130000 0.001072 
4.135000 0.000408 
4.140000 0.000065 
4.145000 0.001282 
4.150000 0.000591 
4.155000 -0.001775 
4.160000 -0.000823 
4.165000 0.001113 
4.170000 0.000517 
4.175000 -0.000682 
4.180000 0.001070 
4.185000 0.001037 
4.190000 -0.001510 
4.195000 -0.001578 
4.200000 0.000899 
4.205000 0.000402 
4.210000 -0.001645 
4.215000 0.000241 
4.220000 0.002259 
4.225000 0.000525 
4.230000 -0.001491 
4.235000 0.000195 
4.240000 0.000615 
4.245000 -0.001102 
4.250000 -0.000759 
4.255000 0.001377 
4.260000 0.000524 
4.265000 -0.001552 
4.270000 -0.000207 
4.275000 0.001398 
4.280000 0.000327 
4.285000 -0.000737 
4.290000 0.000719 
4.295000 0.000441 
4.300000 -0.001217 
4.305000 -0.000573 
4.310000 0.001346 
4.315000 0.000276 
4.320000 -0.001413 
4.325000 -0.000031 
4.330000 0.000889 
4.335000 -0.000570 
4.340000 -0.000743 
4.345000 0.001847 
4.350000 0.001554 
4.355000 -0.001321 
4.360000 -0.001813 
4.365000 0.000206 
4.370000 0.000157 
4.375000 -0.000790 
4.380000 0.000596 
4.385000 0.001743 
4.390000 0.000503 
4.395000 -0.000702 
4.400000 0.000090 
4.405000 -0.000179 
4.410000 -0.001032 
4.415000 -0.000217 
4.420000 0.001288 
4.425000 0.000615 
4.430000 -0.000346 
4.435000 0.000180 
4.440000 -0.000125 
4.445000 -0.001327 
4.450000 -0.000692 
4.455000 0.001335 
4.460000 0.000830 
4.465000 -0.000439 
4.470000 0.000187 
4.475000 0.000786 
4.480000 -0.000976 
4.485000 -0.001545 
4.490000 0.000562 
4.495000 0.001268 
4.500000 -0.000381 
4.505000 -0.000805 
4.510000 0.000597 
4.515000 0.000307 
4.520000 -0.000696 
4.525000 -0.000178 
4.530000 0.000772 
4.535000 0.000058 
4.540000 -0.000496 
4.545000 -0.000058 
4.550000 -0.000244 
4.555000 -0.000724 
4.560000 -0.000055 
4.565000 0.000764 
4.570000 0.000043 
4.575000 -0.000177 
4.580000 0.000646 
4.585000 0.000484 
4.590000 -0.000948 
4.595000 -0.000726 
4.600000 0.000507 
4.605000 -0.000015 
4.610000 -0.001056 
4.615000 -0.000083 
4.620000 0.001191 
4.625000 0.000176 
4.630000 -0.000776 
4.635000 -0.000063 
4.640000 0.000342 
4.645000 -0.000724 
4.650000 -0.000756 
4.655000 0.000430 
4.660000 0.000626 
4.665000 -0.000111 
4.670000 -0.000146 
4.675000 0.000079 
4.680000 -0.000499 
4.685000 -0.000561 
4.690000 0.000123 
4.695000 0.000263 
4.700000 -0.000283 
4.705000 0.000089 
4.710000 0.000649 
4.715000 0.000012 
4.720000 -0.000768 
4.725000 -0.000276 
4.730000 0.000303 
4.735000 -0.000215 
4.740000 -0.000326 
4.745000 0.000425 
4.750000 0.000580 
4.755000 -0.000220 
4.760000 -0.000260 
4.765000 0.000212 
4.770000 -0.000099 
4.775000 -0.000604 
4.780000 -0.000118 
4.785000 0.000468 
4.790000 0.000137 
4.795000 -0.000109 
4.800000 0.000134 
4.805000 0.000081 
4.810000 -0.000365 
4.815000 -0.000216 
4.820000 0.000143 
4.825000 0.000028 
4.830000 -0.000127 
4.835000 0.000124 
4.840000 0.000153 
4.845000 -0.000212 
4.850000 -0.000190 
4.855000 0.000102 
4.860000 0.000054 
4.865000 -0.000161 
4.870000 0.000055 
4.875000 0.000196 
4.880000 -0.000096 
4.885000 -0.000262 
4.890000 0.000039 
4.895000 0.000200 
4.900000 -0.000016 
4.905000 -0.000064 
4.910000 0.000084 
4.915000 0.000038 
4.920000 -0.000142 
4.925000 -0.000059 
4.930000 0.000074 
4.935000 0.000018 
4.940000 -0.000050 
4.945000 0.000022 
4.950000 0.000045 
4.955000 -0.000023 
4.960000 -0.000021 
4.965000 0.000011 
4.970000 -0.000009 
4.975000 -0.000025 
4.980000 0.000010 
4.985000 0.000013 
4.990000 -0.000006 
4.995000 -0.000002 
