# Time(ps) Norm. Int.(No Units) 
0.000000 1.000000 
0.005000 0.629185 
0.010000 0.196047 
0.015000 0.092854 
0.020000 0.259372 
0.025000 0.161880 
0.030000 -0.146638 
0.035000 -0.277851 
0.040000 -0.056388 
0.045000 0.223859 
0.050000 0.103736 
0.055000 0.008021 
0.060000 0.047050 
0.065000 0.210004 
0.070000 0.128169 
0.075000 -0.027816 
0.080000 -0.124537 
0.085000 0.014536 
0.090000 0.087445 
0.095000 -0.044933 
0.100000 -0.067833 
0.105000 0.044428 
0.110000 0.153129 
0.115000 0.042389 
0.120000 -0.048665 
0.125000 -0.075893 
0.130000 0.055588 
0.135000 0.017968 
0.140000 -0.122519 
0.145000 -0.161449 
0.150000 -0.072094 
0.155000 -0.042766 
0.160000 -0.083722 
0.165000 -0.079878 
0.170000 -0.049871 
0.175000 0.034736 
0.180000 -0.001497 
0.185000 -0.044859 
0.190000 -0.017276 
0.195000 0.058940 
0.200000 -0.013559 
0.205000 -0.089214 
0.210000 -0.094536 
0.215000 -0.013510 
0.220000 0.016389 
0.225000 -0.065481 
0.230000 -0.121599 
0.235000 -0.021388 
0.240000 0.098099 
0.245000 0.045079 
0.250000 -0.022807 
0.255000 -0.022492 
0.260000 0.102427 
0.265000 0.141663 
0.270000 0.066563 
0.275000 -0.066309 
0.280000 -0.014995 
0.285000 0.062582 
0.290000 0.051922 
0.295000 -0.025934 
0.300000 -0.053497 
0.305000 0.023878 
0.310000 0.061836 
0.315000 0.028701 
0.320000 -0.065763 
0.325000 0.001161 
0.330000 0.033083 
0.335000 0.022602 
0.340000 -0.072920 
0.345000 -0.071148 
0.350000 -0.019408 
0.355000 0.024911 
0.360000 -0.007844 
0.365000 -0.047923 
0.370000 0.044454 
0.375000 0.077571 
0.380000 0.053517 
0.385000 -0.069113 
0.390000 -0.047772 
0.395000 -0.004258 
0.400000 0.038413 
0.405000 -0.057488 
0.410000 -0.105151 
0.415000 -0.040043 
0.420000 0.021135 
0.425000 0.018626 
0.430000 -0.046055 
0.435000 -0.001334 
0.440000 0.011555 
0.445000 0.022222 
0.450000 -0.070947 
0.455000 -0.063703 
0.460000 -0.034220 
0.465000 -0.009140 
0.470000 -0.054720 
0.475000 -0.065946 
0.480000 0.004296 
0.485000 0.034258 
0.490000 0.020017 
0.495000 -0.055382 
0.500000 -0.014184 
0.505000 0.017115 
0.510000 0.034570 
0.515000 -0.037382 
0.520000 -0.032614 
0.525000 0.017553 
0.530000 0.061663 
0.535000 0.036270 
0.540000 -0.014443 
0.545000 -0.001680 
0.550000 0.014896 
0.555000 0.028566 
0.560000 -0.021743 
0.565000 -0.012604 
0.570000 0.000164 
0.575000 0.019997 
0.580000 -0.015293 
0.585000 -0.010256 
0.590000 0.014320 
0.595000 0.038841 
0.600000 0.026643 
0.605000 -0.001531 
0.610000 0.011268 
0.615000 0.032103 
0.620000 0.042038 
0.625000 0.005525 
0.630000 0.006453 
0.635000 0.002135 
0.640000 0.022896 
0.645000 0.007212 
0.650000 -0.002783 
0.655000 -0.008957 
0.660000 0.036147 
0.665000 0.060189 
0.670000 0.045242 
0.675000 0.022202 
0.680000 0.015543 
0.685000 0.043624 
0.690000 0.025687 
0.695000 -0.012452 
0.700000 -0.057970 
0.705000 -0.019238 
0.710000 -0.008470 
0.715000 -0.007138 
0.720000 -0.038345 
0.725000 -0.025785 
0.730000 0.012157 
0.735000 0.041469 
0.740000 0.019353 
0.745000 -0.020641 
0.750000 0.007705 
0.755000 0.015699 
0.760000 0.012833 
0.765000 -0.045513 
0.770000 -0.042789 
0.775000 -0.028595 
0.780000 -0.002930 
0.785000 -0.042586 
0.790000 -0.041887 
0.795000 0.015554 
0.800000 0.051751 
0.805000 0.042593 
0.810000 -0.004596 
0.815000 0.004851 
0.820000 0.006939 
0.825000 0.013507 
0.830000 -0.047358 
0.835000 -0.040940 
0.840000 -0.009722 
0.845000 0.021493 
0.850000 0.006479 
0.855000 -0.000988 
0.860000 0.021977 
0.865000 0.038954 
0.870000 0.040501 
0.875000 -0.013828 
0.880000 -0.011272 
0.885000 -0.005114 
0.890000 0.013642 
0.895000 -0.005070 
0.900000 0.012739 
0.905000 0.024364 
0.910000 0.036079 
0.915000 0.021496 
0.920000 0.000720 
0.925000 0.019664 
0.930000 0.025332 
0.935000 0.014954 
0.940000 -0.017064 
0.945000 0.003891 
0.950000 0.011458 
0.955000 0.023709 
0.960000 -0.001219 
0.965000 -0.004863 
0.970000 0.007868 
0.975000 0.019190 
0.980000 -0.000416 
0.985000 -0.019295 
0.990000 -0.009128 
0.995000 -0.007466 
1.000000 0.003687 
1.005000 -0.010804 
1.010000 -0.011257 
1.015000 -0.018159 
1.020000 -0.006526 
1.025000 -0.016603 
1.030000 -0.004649 
1.035000 0.002253 
1.040000 0.004174 
1.045000 -0.002260 
1.050000 -0.007065 
1.055000 0.000461 
1.060000 -0.002757 
1.065000 -0.013199 
1.070000 -0.045782 
1.075000 -0.036452 
1.080000 -0.027590 
1.085000 -0.007531 
1.090000 -0.009429 
1.095000 0.000426 
1.100000 0.000830 
1.105000 0.012665 
1.110000 0.012966 
1.115000 -0.005052 
1.120000 -0.016956 
1.125000 -0.028487 
1.130000 -0.013617 
1.135000 -0.012208 
1.140000 -0.000168 
1.145000 -0.008857 
1.150000 0.010470 
1.155000 0.013041 
1.160000 0.020238 
1.165000 0.016352 
1.170000 0.013515 
1.175000 0.008370 
1.180000 -0.001082 
1.185000 -0.002151 
1.190000 -0.016829 
1.195000 -0.001608 
1.200000 0.003225 
1.205000 0.017256 
1.210000 -0.000005 
1.215000 0.004377 
1.220000 0.012763 
1.225000 0.027582 
1.230000 0.014964 
1.235000 -0.002347 
1.240000 0.004257 
1.245000 0.003930 
1.250000 -0.000434 
1.255000 -0.023387 
1.260000 -0.012389 
1.265000 -0.003859 
1.270000 0.020887 
1.275000 0.017533 
1.280000 0.015689 
1.285000 0.009645 
1.290000 0.016531 
1.295000 0.017431 
1.300000 0.000818 
1.305000 -0.007794 
1.310000 -0.012774 
1.315000 -0.002939 
1.320000 -0.017437 
1.325000 -0.010739 
1.330000 0.000114 
1.335000 0.019894 
1.340000 0.005913 
1.345000 -0.001359 
1.350000 0.003125 
1.355000 0.009043 
1.360000 -0.002310 
1.365000 -0.021526 
1.370000 -0.016316 
1.375000 -0.010149 
1.380000 -0.001622 
1.385000 -0.015492 
1.390000 -0.008556 
1.395000 0.000898 
1.400000 0.018729 
1.405000 0.007121 
1.410000 -0.008700 
1.415000 -0.014811 
1.420000 -0.001638 
1.425000 0.003729 
1.430000 -0.015427 
1.435000 -0.017813 
1.440000 -0.005178 
1.445000 0.011300 
1.450000 -0.009632 
1.455000 -0.015956 
1.460000 -0.010025 
1.465000 0.009669 
1.470000 -0.000661 
1.475000 -0.012810 
1.480000 -0.009399 
1.485000 0.008175 
1.490000 0.013328 
1.495000 -0.006547 
1.500000 -0.014698 
1.505000 -0.014967 
1.510000 0.001843 
1.515000 -0.008401 
1.520000 -0.014341 
1.525000 -0.014429 
1.530000 0.009800 
1.535000 0.011411 
1.540000 -0.000532 
1.545000 -0.006602 
1.550000 -0.000170 
1.555000 0.004689 
1.560000 -0.012248 
1.565000 -0.013459 
1.570000 -0.006934 
1.575000 0.012521 
1.580000 0.002327 
1.585000 -0.000754 
1.590000 -0.002380 
1.595000 0.007416 
1.600000 0.002167 
1.605000 -0.008328 
1.610000 -0.009658 
1.615000 -0.002385 
1.620000 0.007589 
1.625000 -0.006741 
1.630000 -0.008383 
1.635000 -0.004304 
1.640000 0.012867 
1.645000 -0.000338 
1.650000 -0.013082 
1.655000 -0.015433 
1.660000 0.003660 
1.665000 0.008842 
1.670000 -0.003822 
1.675000 -0.006678 
1.680000 -0.001139 
1.685000 0.007754 
1.690000 -0.006555 
1.695000 -0.011092 
1.700000 -0.013016 
1.705000 0.001253 
1.710000 -0.002813 
1.715000 -0.008181 
1.720000 -0.011032 
1.725000 -0.000053 
1.730000 0.005502 
1.735000 -0.005247 
1.740000 -0.012562 
1.745000 -0.011980 
1.750000 0.000323 
1.755000 -0.007899 
1.760000 -0.009418 
1.765000 -0.005547 
1.770000 0.012510 
1.775000 0.009328 
1.780000 -0.000365 
1.785000 -0.007326 
1.790000 -0.000292 
1.795000 0.003695 
1.800000 -0.007453 
1.805000 -0.013071 
1.810000 -0.010723 
1.815000 0.003955 
1.820000 -0.001009 
1.825000 -0.006259 
1.830000 -0.010779 
1.835000 0.005325 
1.840000 0.008847 
1.845000 0.002856 
1.850000 -0.004502 
1.855000 0.000800 
1.860000 0.006089 
1.865000 -0.003437 
1.870000 -0.009918 
1.875000 -0.012076 
1.880000 -0.000901 
1.885000 -0.005923 
1.890000 -0.004972 
1.895000 -0.002154 
1.900000 0.012807 
1.905000 0.011917 
1.910000 0.003432 
1.915000 -0.006664 
1.920000 -0.006248 
1.925000 -0.000045 
1.930000 -0.009248 
1.935000 -0.016286 
1.940000 -0.016595 
1.945000 0.002363 
1.950000 0.004636 
1.955000 0.004369 
1.960000 -0.000452 
1.965000 0.009687 
1.970000 0.009488 
1.975000 -0.002457 
1.980000 -0.013800 
1.985000 -0.015251 
1.990000 -0.011138 
1.995000 -0.017067 
2.000000 -0.012870 
2.005000 -0.010122 
2.010000 0.003301 
2.015000 0.003691 
2.020000 0.005488 
2.025000 0.002403 
2.030000 0.006946 
2.035000 0.003056 
2.040000 -0.006675 
2.045000 -0.013147 
2.050000 -0.014971 
2.055000 -0.005881 
2.060000 -0.005337 
2.065000 -0.000718 
2.070000 0.001162 
2.075000 0.012172 
2.080000 0.006961 
2.085000 0.004361 
2.090000 0.001981 
2.095000 0.002026 
2.100000 -0.005123 
2.105000 -0.012065 
2.110000 -0.007860 
2.115000 -0.002133 
2.120000 0.000794 
2.125000 -0.009706 
2.130000 -0.003030 
2.135000 0.007649 
2.140000 0.017569 
2.145000 0.007917 
2.150000 0.000858 
2.155000 -0.002468 
2.160000 0.001681 
2.165000 -0.001308 
2.170000 -0.011905 
2.175000 -0.011536 
2.180000 -0.005362 
2.185000 0.003046 
2.190000 0.000166 
2.195000 0.005892 
2.200000 0.008794 
2.205000 0.014086 
2.210000 0.002807 
2.215000 -0.006446 
2.220000 -0.008343 
2.225000 -0.004614 
2.230000 -0.007755 
2.235000 -0.012424 
2.240000 -0.005955 
2.245000 -0.000017 
2.250000 0.007590 
2.255000 0.003316 
2.260000 0.006534 
2.265000 0.006593 
2.270000 0.005735 
2.275000 -0.008131 
2.280000 -0.011363 
2.285000 -0.007829 
2.290000 -0.005138 
2.295000 -0.006821 
2.300000 -0.008576 
2.305000 0.001072 
2.310000 0.006156 
2.315000 0.006004 
2.320000 -0.005206 
2.325000 0.000560 
2.330000 0.004107 
2.335000 0.001696 
2.340000 -0.013172 
2.345000 -0.015846 
2.350000 -0.005579 
2.355000 0.003348 
2.360000 -0.001952 
2.365000 -0.012952 
2.370000 -0.003007 
2.375000 0.006939 
2.380000 0.008975 
2.385000 -0.005012 
2.390000 -0.005115 
2.395000 -0.000812 
2.400000 0.003821 
2.405000 -0.006866 
2.410000 -0.012807 
2.415000 -0.005962 
2.420000 0.000433 
2.425000 -0.000299 
2.430000 -0.005979 
2.435000 0.001169 
2.440000 0.005548 
2.445000 0.008068 
2.450000 -0.003498 
2.455000 -0.004202 
2.460000 -0.000829 
2.465000 0.001088 
2.470000 -0.008807 
2.475000 -0.012220 
2.480000 -0.003078 
2.485000 0.003712 
2.490000 0.001562 
2.495000 -0.008124 
2.500000 -0.001538 
2.505000 0.004305 
2.510000 0.003892 
2.515000 -0.008515 
2.520000 -0.006149 
2.525000 0.000251 
2.530000 0.004056 
2.535000 -0.002271 
2.540000 -0.006368 
2.545000 -0.000550 
2.550000 0.004472 
2.555000 0.003065 
2.560000 -0.006970 
2.565000 -0.003691 
2.570000 0.001559 
2.575000 0.005833 
2.580000 -0.004804 
2.585000 -0.007606 
2.590000 -0.001056 
2.595000 0.007915 
2.600000 0.000947 
2.605000 -0.009949 
2.610000 -0.006805 
2.615000 0.001312 
2.620000 0.004608 
2.625000 -0.004599 
2.630000 -0.004328 
2.635000 -0.000125 
2.640000 0.008151 
2.645000 0.002563 
2.650000 -0.002398 
2.655000 -0.005110 
2.660000 -0.000905 
2.665000 -0.000108 
2.670000 -0.004792 
2.675000 -0.005850 
2.680000 -0.002177 
2.685000 0.005941 
2.690000 0.002010 
2.695000 0.001424 
2.700000 0.002117 
2.705000 0.008543 
2.710000 0.002699 
2.715000 -0.002320 
2.720000 -0.003234 
2.725000 0.001564 
2.730000 0.001073 
2.735000 -0.004966 
2.740000 -0.003983 
2.745000 0.000272 
2.750000 0.007482 
2.755000 0.003230 
2.760000 0.001637 
2.765000 -0.000701 
2.770000 0.004369 
2.775000 0.000944 
2.780000 -0.004074 
2.785000 -0.006192 
2.790000 -0.000066 
2.795000 0.003860 
2.800000 -0.002240 
2.805000 -0.003525 
2.810000 0.000901 
2.815000 0.009733 
2.820000 0.003777 
2.825000 -0.000997 
2.830000 -0.002927 
2.835000 0.003722 
2.840000 0.001161 
2.845000 -0.004850 
2.850000 -0.007099 
2.855000 -0.001607 
2.860000 0.003539 
2.865000 -0.001216 
2.870000 -0.003893 
2.875000 -0.002657 
2.880000 0.006921 
2.885000 0.004424 
2.890000 -0.001333 
2.895000 -0.005752 
2.900000 0.001577 
2.905000 0.002335 
2.910000 -0.004142 
2.915000 -0.008700 
2.920000 -0.004042 
2.925000 0.003219 
2.930000 0.000344 
2.935000 -0.001506 
2.940000 -0.000835 
2.945000 0.005993 
2.950000 0.002482 
2.955000 -0.001169 
2.960000 -0.005083 
2.965000 -0.001711 
2.970000 -0.001108 
2.975000 -0.003172 
2.980000 -0.004888 
2.985000 -0.001413 
2.990000 0.005248 
2.995000 0.002871 
3.000000 0.000507 
3.005000 -0.000240 
3.010000 0.006379 
3.015000 0.003053 
3.020000 -0.003317 
3.025000 -0.009146 
3.030000 -0.003763 
3.035000 0.000093 
3.040000 -0.001191 
3.045000 -0.002445 
3.050000 0.000279 
3.055000 0.006491 
3.060000 0.006002 
3.065000 0.004484 
3.070000 -0.000656 
3.075000 0.001522 
3.080000 0.000182 
3.085000 -0.001235 
3.090000 -0.005955 
3.095000 -0.004202 
3.100000 -0.000694 
3.105000 0.001061 
3.110000 0.000424 
3.115000 0.000528 
3.120000 0.006642 
3.125000 0.006392 
3.130000 0.003283 
3.135000 -0.003241 
3.140000 -0.001172 
3.145000 -0.001123 
3.150000 -0.001031 
3.155000 -0.005969 
3.160000 -0.006174 
3.165000 -0.000698 
3.170000 0.005122 
3.175000 0.005486 
3.180000 0.000031 
3.185000 0.000806 
3.190000 0.002520 
3.195000 0.004567 
3.200000 -0.002974 
3.205000 -0.005458 
3.210000 -0.004403 
3.215000 -0.000253 
3.220000 -0.001938 
3.225000 -0.001873 
3.230000 0.001538 
3.235000 0.003707 
3.240000 0.003074 
3.245000 -0.001639 
3.250000 -0.000336 
3.255000 0.000593 
3.260000 0.001366 
3.265000 -0.005359 
3.270000 -0.006063 
3.275000 -0.002980 
3.280000 0.002644 
3.285000 0.000799 
3.290000 -0.003195 
3.295000 -0.000921 
3.300000 0.004687 
3.305000 0.005575 
3.310000 -0.002307 
3.315000 -0.003185 
3.320000 -0.000787 
3.325000 0.002201 
3.330000 -0.003318 
3.335000 -0.004494 
3.340000 -0.001549 
3.345000 0.003206 
3.350000 0.000966 
3.355000 -0.002127 
3.360000 0.000835 
3.365000 0.004274 
3.370000 0.003956 
3.375000 -0.002887 
3.380000 -0.003417 
3.385000 -0.000560 
3.390000 0.003570 
3.395000 -0.002398 
3.400000 -0.005849 
3.405000 -0.002272 
3.410000 0.005609 
3.415000 0.005302 
3.420000 -0.000641 
3.425000 -0.001265 
3.430000 0.002499 
3.435000 0.004622 
3.440000 -0.002392 
3.445000 -0.004813 
3.450000 -0.002879 
3.455000 0.002112 
3.460000 -0.000221 
3.465000 -0.001330 
3.470000 0.000106 
3.475000 0.004029 
3.480000 0.003403 
3.485000 -0.000993 
3.490000 -0.000930 
3.495000 0.001737 
3.500000 0.003351 
3.505000 -0.002633 
3.510000 -0.004355 
3.515000 -0.002346 
3.520000 0.003019 
3.525000 0.000426 
3.530000 -0.003170 
3.535000 -0.002478 
3.540000 0.002996 
3.545000 0.004118 
3.550000 -0.000805 
3.555000 -0.002548 
3.560000 -0.001042 
3.565000 0.002164 
3.570000 -0.001691 
3.575000 -0.004115 
3.580000 -0.003942 
3.585000 0.001233 
3.590000 0.001240 
3.595000 -0.000569 
3.600000 -0.001043 
3.605000 0.001532 
3.610000 0.002258 
3.615000 -0.002095 
3.620000 -0.004058 
3.625000 -0.002522 
3.630000 0.001663 
3.635000 -0.001471 
3.640000 -0.003993 
3.645000 -0.003390 
3.650000 0.002761 
3.655000 0.003964 
3.660000 0.000812 
3.665000 -0.002220 
3.670000 -0.000575 
3.675000 0.002136 
3.680000 -0.000457 
3.685000 -0.003049 
3.690000 -0.003700 
3.695000 0.000356 
3.700000 0.000411 
3.705000 -0.000324 
3.710000 -0.001619 
3.715000 0.001503 
3.720000 0.002409 
3.725000 0.000492 
3.730000 -0.001511 
3.735000 -0.000414 
3.740000 0.001923 
3.745000 -0.000015 
3.750000 -0.001712 
3.755000 -0.001889 
3.760000 0.002257 
3.765000 0.001772 
3.770000 -0.000486 
3.775000 -0.002632 
3.780000 0.000445 
3.785000 0.002531 
3.790000 0.001725 
3.795000 -0.000168 
3.800000 -0.000152 
3.805000 0.002050 
3.810000 0.001102 
3.815000 -0.000127 
3.820000 -0.001697 
3.825000 0.000296 
3.830000 0.000103 
3.835000 0.000245 
3.840000 -0.000326 
3.845000 0.001732 
3.850000 0.002790 
3.855000 0.001661 
3.860000 -0.000035 
3.865000 -0.000174 
3.870000 0.001803 
3.875000 0.000549 
3.880000 -0.000884 
3.885000 -0.002084 
3.890000 0.000892 
3.895000 0.001704 
3.900000 0.001186 
3.905000 -0.000704 
3.910000 0.000248 
3.915000 0.001364 
3.920000 0.000817 
3.925000 -0.000242 
3.930000 -0.000895 
3.935000 0.000508 
3.940000 0.000075 
3.945000 -0.000153 
3.950000 -0.001582 
3.955000 -0.000231 
3.960000 0.000101 
3.965000 0.000276 
3.970000 -0.000965 
3.975000 -0.000410 
3.980000 0.001057 
3.985000 0.001242 
3.990000 0.000130 
3.995000 -0.001361 
4.000000 -0.000240 
4.005000 -0.000412 
4.010000 -0.000707 
4.015000 -0.002228 
4.020000 -0.000951 
4.025000 -0.000016 
4.030000 0.000859 
4.035000 0.000100 
4.040000 -0.000045 
4.045000 0.000523 
4.050000 0.000538 
4.055000 0.000001 
4.060000 -0.001572 
4.065000 -0.001187 
4.070000 -0.001135 
4.075000 -0.000361 
4.080000 -0.001108 
4.085000 -0.000047 
4.090000 0.000713 
4.095000 0.001207 
4.100000 0.000077 
4.105000 -0.000439 
4.110000 0.000039 
4.115000 -0.000130 
4.120000 -0.000519 
4.125000 -0.001354 
4.130000 -0.000258 
4.135000 -0.000007 
4.140000 0.000547 
4.145000 -0.000272 
4.150000 0.000342 
4.155000 0.000700 
4.160000 0.001191 
4.165000 0.000524 
4.170000 -0.000102 
4.175000 0.000173 
4.180000 0.000152 
4.185000 -0.000137 
4.190000 -0.001411 
4.195000 -0.000645 
4.200000 -0.000130 
4.205000 0.000545 
4.210000 -0.000250 
4.215000 0.000403 
4.220000 0.000981 
4.225000 0.001292 
4.230000 0.000552 
4.235000 -0.000248 
4.240000 -0.000380 
4.245000 -0.000800 
4.250000 -0.000506 
4.255000 -0.000854 
4.260000 -0.000280 
4.265000 -0.000347 
4.270000 0.000707 
4.275000 0.000828 
4.280000 0.001021 
4.285000 0.000560 
4.290000 0.000360 
4.295000 -0.000064 
4.300000 -0.000694 
4.305000 -0.000653 
4.310000 -0.000835 
4.315000 -0.000323 
4.320000 -0.000409 
4.325000 0.000408 
4.330000 0.000318 
4.335000 0.000668 
4.340000 0.000518 
4.345000 0.000788 
4.350000 0.000206 
4.355000 -0.000542 
4.360000 -0.000660 
4.365000 -0.000522 
4.370000 -0.000182 
4.375000 -0.000431 
4.380000 0.000239 
4.385000 0.000339 
4.390000 0.000763 
4.395000 0.000428 
4.400000 0.000705 
4.405000 0.000363 
4.410000 0.000059 
4.415000 -0.000232 
4.420000 -0.000109 
4.425000 0.000105 
4.430000 -0.000266 
4.435000 -0.000266 
4.440000 -0.000375 
4.445000 0.000335 
4.450000 0.000365 
4.455000 0.000482 
4.460000 0.000039 
4.465000 0.000469 
4.470000 0.000620 
4.475000 0.000232 
4.480000 -0.000609 
4.485000 -0.000735 
4.490000 -0.000009 
4.495000 0.000011 
4.500000 -0.000250 
4.505000 -0.000482 
4.510000 0.000442 
4.515000 0.000613 
4.520000 0.000464 
4.525000 -0.000074 
4.530000 0.000158 
4.535000 0.000086 
4.540000 -0.000295 
4.545000 -0.000745 
4.550000 -0.000727 
4.555000 -0.000157 
4.560000 -0.000024 
4.565000 0.000092 
4.570000 -0.000022 
4.575000 0.000515 
4.580000 0.000388 
4.585000 0.000057 
4.590000 -0.000521 
4.595000 -0.000242 
4.600000 -0.000086 
4.605000 -0.000387 
4.610000 -0.000686 
4.615000 -0.000394 
4.620000 0.000200 
4.625000 -0.000042 
4.630000 -0.000221 
4.635000 -0.000255 
4.640000 0.000241 
4.645000 0.000004 
4.650000 -0.000169 
4.655000 -0.000268 
4.660000 0.000076 
4.665000 0.000038 
4.670000 -0.000283 
4.675000 -0.000442 
4.680000 -0.000321 
4.685000 0.000085 
4.690000 -0.000044 
4.695000 -0.000138 
4.700000 -0.000248 
4.705000 0.000234 
4.710000 0.000243 
4.715000 0.000041 
4.720000 -0.000309 
4.725000 -0.000180 
4.730000 -0.000033 
4.735000 -0.000096 
4.740000 -0.000101 
4.745000 -0.000051 
4.750000 0.000152 
4.755000 0.000026 
4.760000 0.000126 
4.765000 0.000043 
4.770000 0.000060 
4.775000 -0.000142 
4.780000 -0.000074 
4.785000 -0.000037 
4.790000 -0.000013 
4.795000 -0.000062 
4.800000 -0.000113 
4.805000 -0.000042 
4.810000 -0.000084 
4.815000 -0.000016 
4.820000 -0.000091 
4.825000 0.000003 
4.830000 -0.000028 
4.835000 0.000056 
4.840000 -0.000021 
4.845000 -0.000019 
4.850000 -0.000023 
4.855000 -0.000023 
4.860000 -0.000066 
4.865000 -0.000109 
4.870000 -0.000026 
4.875000 -0.000047 
4.880000 -0.000033 
4.885000 -0.000070 
4.890000 0.000041 
4.895000 0.000035 
4.900000 0.000028 
4.905000 -0.000023 
4.910000 -0.000003 
4.915000 -0.000039 
4.920000 -0.000089 
4.925000 -0.000070 
4.930000 -0.000032 
4.935000 -0.000002 
4.940000 -0.000032 
4.945000 0.000001 
4.950000 0.000021 
4.955000 0.000054 
4.960000 0.000018 
4.965000 -0.000002 
4.970000 -0.000012 
4.975000 0.000003 
4.980000 -0.000001 
4.985000 -0.000011 
4.990000 -0.000012 
4.995000 -0.000003 
