# Time(ps) Norm. Int.(No Units) 
0.000000 1.000000 
0.005000 0.875069 
0.010000 0.634194 
0.015000 0.480810 
0.020000 0.420058 
0.025000 0.319883 
0.030000 0.162349 
0.035000 0.067479 
0.040000 0.084480 
0.045000 0.118293 
0.050000 0.097228 
0.055000 0.079735 
0.060000 0.127359 
0.065000 0.179824 
0.070000 0.151498 
0.075000 0.077744 
0.080000 0.056875 
0.085000 0.090181 
0.090000 0.093946 
0.095000 0.054346 
0.100000 0.050414 
0.105000 0.105203 
0.110000 0.129219 
0.115000 0.063587 
0.120000 -0.018380 
0.125000 -0.029242 
0.130000 -0.009785 
0.135000 -0.056274 
0.140000 -0.154949 
0.145000 -0.198712 
0.150000 -0.152846 
0.155000 -0.096260 
0.160000 -0.084428 
0.165000 -0.070987 
0.170000 -0.007262 
0.175000 0.062776 
0.180000 0.071415 
0.185000 0.034182 
0.190000 0.013185 
0.195000 0.008210 
0.200000 -0.033456 
0.205000 -0.109814 
0.210000 -0.151802 
0.215000 -0.132365 
0.220000 -0.109770 
0.225000 -0.127693 
0.230000 -0.141568 
0.235000 -0.099215 
0.240000 -0.040014 
0.245000 -0.040161 
0.250000 -0.089270 
0.255000 -0.103608 
0.260000 -0.058568 
0.265000 -0.026170 
0.270000 -0.057818 
0.275000 -0.102724 
0.280000 -0.090097 
0.285000 -0.038250 
0.290000 -0.019121 
0.295000 -0.045539 
0.300000 -0.063426 
0.305000 -0.047955 
0.310000 -0.037842 
0.315000 -0.059404 
0.320000 -0.078253 
0.325000 -0.059891 
0.330000 -0.030666 
0.335000 -0.033298 
0.340000 -0.054159 
0.345000 -0.046684 
0.350000 -0.009839 
0.355000 0.011753 
0.360000 0.002985 
0.365000 -0.002268 
0.370000 0.011371 
0.375000 0.008083 
0.380000 -0.035121 
0.385000 -0.076737 
0.390000 -0.066815 
0.395000 -0.025179 
0.400000 -0.013051 
0.405000 -0.040797 
0.410000 -0.057738 
0.415000 -0.035315 
0.420000 -0.006828 
0.425000 -0.006926 
0.430000 -0.019612 
0.435000 -0.017785 
0.440000 -0.015946 
0.445000 -0.041369 
0.450000 -0.077845 
0.455000 -0.085284 
0.460000 -0.064211 
0.465000 -0.053596 
0.470000 -0.064723 
0.475000 -0.064444 
0.480000 -0.036269 
0.485000 -0.013389 
0.490000 -0.025369 
0.495000 -0.048357 
0.500000 -0.043649 
0.505000 -0.020442 
0.510000 -0.018366 
0.515000 -0.039911 
0.520000 -0.045253 
0.525000 -0.017980 
0.530000 0.005787 
0.535000 -0.007684 
0.540000 -0.038330 
0.545000 -0.044435 
0.550000 -0.024908 
0.555000 -0.014861 
0.560000 -0.028340 
0.565000 -0.042243 
0.570000 -0.039973 
0.575000 -0.036275 
0.580000 -0.045158 
0.585000 -0.051816 
0.590000 -0.037720 
0.595000 -0.013946 
0.600000 -0.005015 
0.605000 -0.010519 
0.610000 -0.007818 
0.615000 0.010014 
0.620000 0.022731 
0.625000 0.014393 
0.630000 -0.003440 
0.635000 -0.011204 
0.640000 -0.009570 
0.645000 -0.011691 
0.650000 -0.015139 
0.655000 -0.002553 
0.660000 0.027764 
0.665000 0.052653 
0.670000 0.055823 
0.675000 0.051172 
0.680000 0.058233 
0.685000 0.068716 
0.690000 0.059838 
0.695000 0.033064 
0.700000 0.014300 
0.705000 0.015416 
0.710000 0.020057 
0.715000 0.014792 
0.720000 0.012492 
0.725000 0.030057 
0.730000 0.058117 
0.735000 0.072149 
0.740000 0.066780 
0.745000 0.058878 
0.750000 0.057048 
0.755000 0.049356 
0.760000 0.028621 
0.765000 0.009816 
0.770000 0.007349 
0.775000 0.011239 
0.780000 0.006302 
0.785000 0.003166 
0.790000 0.024253 
0.795000 0.063252 
0.800000 0.086276 
0.805000 0.076970 
0.810000 0.054934 
0.815000 0.041049 
0.820000 0.029497 
0.825000 0.009570 
0.830000 -0.006278 
0.835000 0.000664 
0.840000 0.022752 
0.845000 0.035203 
0.850000 0.033583 
0.855000 0.037627 
0.860000 0.055190 
0.865000 0.065803 
0.870000 0.050510 
0.875000 0.019650 
0.880000 -0.003952 
0.885000 -0.015702 
0.890000 -0.025219 
0.895000 -0.031137 
0.900000 -0.021751 
0.905000 0.001008 
0.910000 0.019241 
0.915000 0.024456 
0.920000 0.026909 
0.925000 0.033017 
0.930000 0.031019 
0.935000 0.010773 
0.940000 -0.015752 
0.945000 -0.028597 
0.950000 -0.026113 
0.955000 -0.021955 
0.960000 -0.020605 
0.965000 -0.012663 
0.970000 0.004606 
0.975000 0.017929 
0.980000 0.015768 
0.985000 0.003854 
0.990000 -0.005598 
0.995000 -0.011752 
1.000000 -0.022059 
1.005000 -0.036195 
1.010000 -0.044142 
1.015000 -0.039863 
1.020000 -0.027754 
1.025000 -0.014087 
1.030000 -0.000305 
1.035000 0.011985 
1.040000 0.016962 
1.045000 0.011184 
1.050000 -0.000865 
1.055000 -0.013498 
1.060000 -0.027686 
1.065000 -0.045554 
1.070000 -0.060208 
1.075000 -0.059564 
1.080000 -0.041254 
1.085000 -0.017119 
1.090000 -0.000071 
1.095000 0.008535 
1.100000 0.014429 
1.105000 0.017545 
1.110000 0.010910 
1.115000 -0.007306 
1.120000 -0.027475 
1.125000 -0.038043 
1.130000 -0.037152 
1.135000 -0.030453 
1.140000 -0.020970 
1.145000 -0.007263 
1.150000 0.009492 
1.155000 0.022977 
1.160000 0.027931 
1.165000 0.024732 
1.170000 0.016108 
1.175000 0.003208 
1.180000 -0.011905 
1.185000 -0.022480 
1.190000 -0.020889 
1.195000 -0.007422 
1.200000 0.008328 
1.205000 0.017638 
1.210000 0.021517 
1.215000 0.025671 
1.220000 0.029514 
1.225000 0.026754 
1.230000 0.016159 
1.235000 0.003927 
1.240000 -0.006116 
1.245000 -0.016680 
1.250000 -0.027787 
1.255000 -0.030905 
1.260000 -0.018728 
1.265000 0.003246 
1.270000 0.021125 
1.275000 0.027082 
1.280000 0.024578 
1.285000 0.019851 
1.290000 0.013666 
1.295000 0.003929 
1.300000 -0.007613 
1.305000 -0.016327 
1.310000 -0.020758 
1.315000 -0.022125 
1.320000 -0.018335 
1.325000 -0.005829 
1.330000 0.011094 
1.335000 0.020776 
1.340000 0.017865 
1.345000 0.009487 
1.350000 0.003498 
1.355000 -0.001915 
1.360000 -0.010866 
1.365000 -0.019164 
1.370000 -0.019770 
1.375000 -0.014577 
1.380000 -0.011372 
1.385000 -0.010738 
1.390000 -0.005462 
1.395000 0.005681 
1.400000 0.012559 
1.405000 0.006970 
1.410000 -0.005297 
1.415000 -0.012733 
1.420000 -0.014068 
1.425000 -0.016904 
1.430000 -0.022317 
1.435000 -0.022082 
1.440000 -0.013390 
1.445000 -0.005100 
1.450000 -0.003910 
1.455000 -0.004439 
1.460000 -0.000574 
1.465000 0.002468 
1.470000 -0.002591 
1.475000 -0.010734 
1.480000 -0.011351 
1.485000 -0.005583 
1.490000 -0.004668 
1.495000 -0.011366 
1.500000 -0.015101 
1.505000 -0.008854 
1.510000 -0.000151 
1.515000 0.001300 
1.520000 -0.001635 
1.525000 -0.000172 
1.530000 0.004789 
1.535000 0.004719 
1.540000 -0.001277 
1.545000 -0.004846 
1.550000 -0.002899 
1.555000 -0.002381 
1.560000 -0.006851 
1.565000 -0.008829 
1.570000 -0.002090 
1.575000 0.007117 
1.580000 0.009546 
1.585000 0.007173 
1.590000 0.008308 
1.595000 0.012813 
1.600000 0.012813 
1.605000 0.006653 
1.610000 0.001498 
1.615000 0.000880 
1.620000 -0.000227 
1.625000 -0.004435 
1.630000 -0.005622 
1.635000 0.000189 
1.640000 0.005556 
1.645000 0.001955 
1.650000 -0.005959 
1.655000 -0.006552 
1.660000 0.000985 
1.665000 0.005795 
1.670000 0.002327 
1.675000 -0.002798 
1.680000 -0.003642 
1.685000 -0.004210 
1.690000 -0.008997 
1.695000 -0.012964 
1.700000 -0.009383 
1.705000 -0.002029 
1.710000 -0.000157 
1.715000 -0.004206 
1.720000 -0.006160 
1.725000 -0.003647 
1.730000 -0.003872 
1.735000 -0.011157 
1.740000 -0.019381 
1.745000 -0.021500 
1.750000 -0.019371 
1.755000 -0.017878 
1.760000 -0.015128 
1.765000 -0.006537 
1.770000 0.004565 
1.775000 0.009193 
1.780000 0.005227 
1.785000 -0.000329 
1.790000 -0.002986 
1.795000 -0.006842 
1.800000 -0.015446 
1.805000 -0.023602 
1.810000 -0.024386 
1.815000 -0.019498 
1.820000 -0.015552 
1.825000 -0.013104 
1.830000 -0.007202 
1.835000 0.002133 
1.840000 0.007970 
1.845000 0.006328 
1.850000 0.001206 
1.855000 -0.002653 
1.860000 -0.006100 
1.865000 -0.011208 
1.870000 -0.015469 
1.875000 -0.014962 
1.880000 -0.010335 
1.885000 -0.005081 
1.890000 0.000180 
1.895000 0.006870 
1.900000 0.012742 
1.905000 0.012363 
1.910000 0.004671 
1.915000 -0.004440 
1.920000 -0.009569 
1.925000 -0.012003 
1.930000 -0.015006 
1.935000 -0.016496 
1.940000 -0.011703 
1.945000 -0.001352 
1.950000 0.008456 
1.955000 0.014072 
1.960000 0.016604 
1.965000 0.016297 
1.970000 0.010451 
1.975000 -0.001143 
1.980000 -0.013259 
1.985000 -0.020357 
1.990000 -0.021680 
1.995000 -0.019290 
2.000000 -0.013907 
2.005000 -0.005413 
2.010000 0.004183 
2.015000 0.011275 
2.020000 0.014074 
2.025000 0.013411 
2.030000 0.009974 
2.035000 0.003033 
2.040000 -0.006843 
2.045000 -0.015742 
2.050000 -0.019206 
2.055000 -0.016288 
2.060000 -0.009246 
2.065000 -0.000427 
2.070000 0.008440 
2.075000 0.014943 
2.080000 0.016721 
2.085000 0.013536 
2.090000 0.007035 
2.095000 -0.000940 
2.100000 -0.008350 
2.105000 -0.012697 
2.110000 -0.013015 
2.115000 -0.011094 
2.120000 -0.008530 
2.125000 -0.003827 
2.130000 0.004741 
2.135000 0.014205 
2.140000 0.018285 
2.145000 0.014251 
2.150000 0.005711 
2.155000 -0.002235 
2.160000 -0.008037 
2.165000 -0.012458 
2.170000 -0.014862 
2.175000 -0.013519 
2.180000 -0.008512 
2.185000 -0.001670 
2.190000 0.005862 
2.195000 0.013259 
2.200000 0.017590 
2.205000 0.015242 
2.210000 0.006727 
2.215000 -0.002845 
2.220000 -0.009308 
2.225000 -0.012808 
2.230000 -0.014505 
2.235000 -0.013188 
2.240000 -0.007654 
2.245000 0.000059 
2.250000 0.006740 
2.255000 0.011568 
2.260000 0.014717 
2.265000 0.014140 
2.270000 0.007705 
2.275000 -0.002004 
2.280000 -0.009074 
2.285000 -0.011007 
2.290000 -0.010469 
2.295000 -0.009592 
2.300000 -0.006703 
2.305000 -0.000692 
2.310000 0.005350 
2.315000 0.008106 
2.320000 0.008507 
2.325000 0.008434 
2.330000 0.005740 
2.335000 -0.002226 
2.340000 -0.011610 
2.345000 -0.014739 
2.350000 -0.010367 
2.355000 -0.005403 
2.360000 -0.004543 
2.365000 -0.003993 
2.370000 0.000933 
2.375000 0.007176 
2.380000 0.008353 
2.385000 0.004355 
2.390000 0.000316 
2.395000 -0.002251 
2.400000 -0.006571 
2.405000 -0.012806 
2.410000 -0.015770 
2.415000 -0.012601 
2.420000 -0.007226 
2.425000 -0.004029 
2.430000 -0.001724 
2.435000 0.002350 
2.440000 0.005721 
2.445000 0.004001 
2.450000 -0.001564 
2.455000 -0.005583 
2.460000 -0.006816 
2.465000 -0.009041 
2.470000 -0.013081 
2.475000 -0.014221 
2.480000 -0.010016 
2.485000 -0.005001 
2.490000 -0.003743 
2.495000 -0.003965 
2.500000 -0.001561 
2.505000 0.001412 
2.510000 -0.000106 
2.515000 -0.005247 
2.520000 -0.007988 
2.525000 -0.006410 
2.530000 -0.004904 
2.535000 -0.006111 
2.540000 -0.006614 
2.545000 -0.003356 
2.550000 0.000594 
2.555000 0.000893 
2.560000 -0.000968 
2.565000 -0.000544 
2.570000 0.001592 
2.575000 0.000653 
2.580000 -0.003747 
2.585000 -0.006026 
2.590000 -0.003461 
2.595000 -0.000731 
2.600000 -0.002161 
2.605000 -0.004508 
2.610000 -0.002475 
2.615000 0.002317 
2.620000 0.003941 
2.625000 0.001711 
2.630000 0.000734 
2.635000 0.003113 
2.640000 0.004727 
2.645000 0.002378 
2.650000 -0.001067 
2.655000 -0.001625 
2.660000 -0.000363 
2.665000 -0.000725 
2.670000 -0.002161 
2.675000 -0.001008 
2.680000 0.003060 
2.685000 0.006063 
2.690000 0.005904 
2.695000 0.005213 
2.700000 0.006199 
2.705000 0.006723 
2.710000 0.004482 
2.715000 0.001661 
2.720000 0.001443 
2.725000 0.002402 
2.730000 0.000967 
2.735000 -0.001946 
2.740000 -0.001762 
2.745000 0.002401 
2.750000 0.005977 
2.755000 0.005698 
2.760000 0.003782 
2.765000 0.003281 
2.770000 0.002983 
2.775000 0.000377 
2.780000 -0.002998 
2.785000 -0.003484 
2.790000 -0.001420 
2.795000 -0.000729 
2.800000 -0.002238 
2.805000 -0.002081 
2.810000 0.001713 
2.815000 0.005378 
2.820000 0.004928 
2.825000 0.001952 
2.830000 0.000251 
2.835000 -0.000525 
2.840000 -0.003332 
2.845000 -0.007382 
2.850000 -0.008432 
2.855000 -0.005522 
2.860000 -0.002631 
2.865000 -0.002243 
2.870000 -0.001639 
2.875000 0.001788 
2.880000 0.005229 
2.885000 0.004339 
2.890000 0.000062 
2.895000 -0.002894 
2.900000 -0.003337 
2.905000 -0.004541 
2.910000 -0.007669 
2.915000 -0.009106 
2.920000 -0.006202 
2.925000 -0.001578 
2.930000 0.001042 
2.935000 0.002095 
2.940000 0.003870 
2.945000 0.005391 
2.950000 0.003680 
2.955000 -0.000870 
2.960000 -0.004402 
2.965000 -0.005026 
2.970000 -0.004724 
2.975000 -0.004979 
2.980000 -0.004002 
2.985000 -0.000309 
2.990000 0.003816 
2.995000 0.005346 
3.000000 0.004999 
3.005000 0.005361 
3.010000 0.005752 
3.015000 0.002958 
3.020000 -0.002898 
3.025000 -0.007169 
3.030000 -0.006674 
3.035000 -0.003574 
3.040000 -0.001311 
3.045000 0.000450 
3.050000 0.003926 
3.055000 0.008224 
3.060000 0.009859 
3.065000 0.007805 
3.070000 0.004708 
3.075000 0.002544 
3.080000 0.000176 
3.085000 -0.003376 
3.090000 -0.005952 
3.095000 -0.004961 
3.100000 -0.001354 
3.105000 0.001835 
3.110000 0.003901 
3.115000 0.006423 
3.120000 0.009095 
3.125000 0.008997 
3.130000 0.005051 
3.135000 0.000309 
3.140000 -0.002097 
3.145000 -0.003019 
3.150000 -0.004844 
3.155000 -0.006636 
3.160000 -0.005071 
3.165000 0.000035 
3.170000 0.004575 
3.175000 0.005541 
3.180000 0.004613 
3.185000 0.004474 
3.190000 0.004165 
3.195000 0.001053 
3.200000 -0.004138 
3.205000 -0.007729 
3.210000 -0.008052 
3.215000 -0.006783 
3.220000 -0.005196 
3.225000 -0.002439 
3.230000 0.001445 
3.235000 0.003870 
3.240000 0.003076 
3.245000 0.000888 
3.250000 -0.000226 
3.255000 -0.001109 
3.260000 -0.004049 
3.265000 -0.007980 
3.270000 -0.009041 
3.275000 -0.006190 
3.280000 -0.002817 
3.285000 -0.001512 
3.290000 -0.000498 
3.295000 0.002413 
3.300000 0.005170 
3.305000 0.004258 
3.310000 0.000375 
3.315000 -0.002542 
3.320000 -0.003201 
3.325000 -0.003914 
3.330000 -0.005565 
3.335000 -0.005714 
3.340000 -0.002979 
3.345000 0.000235 
3.350000 0.001492 
3.355000 0.001939 
3.360000 0.003511 
3.365000 0.004809 
3.370000 0.003129 
3.375000 -0.000621 
3.380000 -0.002742 
3.385000 -0.002344 
3.390000 -0.002345 
3.395000 -0.003999 
3.400000 -0.004231 
3.405000 -0.000635 
3.410000 0.003975 
3.415000 0.005271 
3.420000 0.003560 
3.425000 0.002484 
3.430000 0.002827 
3.435000 0.001794 
3.440000 -0.001501 
3.445000 -0.003972 
3.450000 -0.003282 
3.455000 -0.001185 
3.460000 -0.000166 
3.465000 0.000426 
3.470000 0.002266 
3.475000 0.004234 
3.480000 0.003916 
3.485000 0.001813 
3.490000 0.000685 
3.495000 0.000936 
3.500000 0.000068 
3.505000 -0.002642 
3.510000 -0.004267 
3.515000 -0.002688 
3.520000 -0.000078 
3.525000 0.000488 
3.530000 -0.000266 
3.535000 0.000462 
3.540000 0.002498 
3.545000 0.002855 
3.550000 0.000710 
3.555000 -0.001239 
3.560000 -0.001209 
3.565000 -0.000984 
3.570000 -0.002459 
3.575000 -0.004139 
3.580000 -0.003502 
3.585000 -0.001148 
3.590000 0.000210 
3.595000 -0.000032 
3.600000 -0.000075 
3.605000 0.000608 
3.610000 0.000346 
3.615000 -0.001358 
3.620000 -0.002425 
3.625000 -0.001589 
3.630000 -0.000750 
3.635000 -0.001852 
3.640000 -0.003337 
3.645000 -0.002349 
3.650000 0.000628 
3.655000 0.002259 
3.660000 0.001262 
3.665000 -0.000083 
3.670000 0.000111 
3.675000 0.000608 
3.680000 -0.000298 
3.685000 -0.001651 
3.690000 -0.001498 
3.695000 -0.000232 
3.700000 0.000154 
3.705000 -0.000525 
3.710000 -0.000481 
3.715000 0.000824 
3.720000 0.001736 
3.725000 0.001274 
3.730000 0.000733 
3.735000 0.001275 
3.740000 0.001828 
3.745000 0.001025 
3.750000 -0.000226 
3.755000 -0.000123 
3.760000 0.000972 
3.765000 0.001094 
3.770000 0.000000 
3.775000 -0.000335 
3.780000 0.001061 
3.785000 0.002565 
3.790000 0.002539 
3.795000 0.001748 
3.800000 0.001792 
3.805000 0.002432 
3.810000 0.002216 
3.815000 0.001016 
3.820000 0.000158 
3.825000 0.000213 
3.830000 0.000363 
3.835000 0.000182 
3.840000 0.000472 
3.845000 0.001668 
3.850000 0.002748 
3.855000 0.002702 
3.860000 0.002108 
3.865000 0.002049 
3.870000 0.002204 
3.875000 0.001420 
3.880000 -0.000125 
3.885000 -0.000894 
3.890000 -0.000275 
3.895000 0.000541 
3.900000 0.000507 
3.905000 0.000239 
3.910000 0.000719 
3.915000 0.001524 
3.920000 0.001517 
3.925000 0.000670 
3.930000 -0.000022 
3.935000 -0.000216 
3.940000 -0.000577 
3.945000 -0.001398 
3.950000 -0.001946 
3.955000 -0.001631 
3.960000 -0.000949 
3.965000 -0.000620 
3.970000 -0.000423 
3.975000 0.000276 
3.980000 0.001190 
3.985000 0.001279 
3.990000 0.000247 
3.995000 -0.001044 
4.000000 -0.001857 
4.005000 -0.002411 
4.010000 -0.003005 
4.015000 -0.003150 
4.020000 -0.002305 
4.025000 -0.000943 
4.030000 -0.000057 
4.035000 0.000144 
4.040000 0.000267 
4.045000 0.000534 
4.050000 0.000389 
4.055000 -0.000531 
4.060000 -0.001714 
4.065000 -0.002447 
4.070000 -0.002645 
4.075000 -0.002563 
4.080000 -0.002107 
4.085000 -0.001057 
4.090000 0.000223 
4.095000 0.000955 
4.100000 0.000879 
4.105000 0.000456 
4.110000 0.000048 
4.115000 -0.000517 
4.120000 -0.001327 
4.125000 -0.001899 
4.130000 -0.001753 
4.135000 -0.001113 
4.140000 -0.000533 
4.145000 -0.000079 
4.150000 0.000588 
4.155000 0.001419 
4.160000 0.001845 
4.165000 0.001552 
4.170000 0.000880 
4.175000 0.000247 
4.180000 -0.000378 
4.185000 -0.001109 
4.190000 -0.001608 
4.195000 -0.001411 
4.200000 -0.000603 
4.205000 0.000282 
4.210000 0.000972 
4.215000 0.001595 
4.220000 0.002123 
4.225000 0.002151 
4.230000 0.001448 
4.235000 0.000373 
4.240000 -0.000493 
4.245000 -0.000939 
4.250000 -0.001111 
4.255000 -0.001075 
4.260000 -0.000688 
4.265000 0.000087 
4.270000 0.000964 
4.275000 0.001565 
4.280000 0.001735 
4.285000 0.001523 
4.290000 0.000983 
4.295000 0.000192 
4.300000 -0.000608 
4.305000 -0.001098 
4.310000 -0.001159 
4.315000 -0.000927 
4.320000 -0.000544 
4.325000 -0.000013 
4.330000 0.000649 
4.335000 0.001250 
4.340000 0.001508 
4.345000 0.001286 
4.350000 0.000688 
4.355000 -0.000042 
4.360000 -0.000677 
4.365000 -0.001052 
4.370000 -0.001059 
4.375000 -0.000686 
4.380000 -0.000082 
4.385000 0.000518 
4.390000 0.000963 
4.395000 0.001224 
4.400000 0.001254 
4.405000 0.000989 
4.410000 0.000506 
4.415000 0.000035 
4.420000 -0.000292 
4.425000 -0.000566 
4.430000 -0.000855 
4.435000 -0.000982 
4.440000 -0.000726 
4.445000 -0.000168 
4.450000 0.000376 
4.455000 0.000725 
4.460000 0.000932 
4.465000 0.000980 
4.470000 0.000688 
4.475000 0.000043 
4.480000 -0.000584 
4.485000 -0.000802 
4.490000 -0.000650 
4.495000 -0.000450 
4.500000 -0.000305 
4.505000 -0.000051 
4.510000 0.000343 
4.515000 0.000648 
4.520000 0.000698 
4.525000 0.000588 
4.530000 0.000426 
4.535000 0.000142 
4.540000 -0.000292 
4.545000 -0.000644 
4.550000 -0.000653 
4.555000 -0.000358 
4.560000 -0.000012 
4.565000 0.000272 
4.570000 0.000549 
4.575000 0.000777 
4.580000 0.000777 
4.585000 0.000517 
4.590000 0.000205 
4.595000 -0.000004 
4.600000 -0.000188 
4.605000 -0.000417 
4.610000 -0.000547 
4.615000 -0.000431 
4.620000 -0.000174 
4.625000 0.000008 
4.630000 0.000084 
4.635000 0.000171 
4.640000 0.000270 
4.645000 0.000266 
4.650000 0.000139 
4.655000 0.000002 
4.660000 -0.000089 
4.665000 -0.000204 
4.670000 -0.000361 
4.675000 -0.000436 
4.680000 -0.000343 
4.685000 -0.000180 
4.690000 -0.000095 
4.695000 -0.000072 
4.700000 0.000009 
4.705000 0.000137 
4.710000 0.000153 
4.715000 -0.000012 
4.720000 -0.000222 
4.725000 -0.000317 
4.730000 -0.000286 
4.735000 -0.000215 
4.740000 -0.000147 
4.745000 -0.000069 
4.750000 0.000003 
4.755000 0.000030 
4.760000 0.000004 
4.765000 -0.000045 
4.770000 -0.000088 
4.775000 -0.000123 
4.780000 -0.000159 
4.785000 -0.000201 
4.790000 -0.000247 
4.795000 -0.000286 
4.800000 -0.000304 
4.805000 -0.000290 
4.810000 -0.000247 
4.815000 -0.000195 
4.820000 -0.000154 
4.825000 -0.000135 
4.830000 -0.000133 
4.835000 -0.000140 
4.840000 -0.000151 
4.845000 -0.000163 
4.850000 -0.000176 
4.855000 -0.000184 
4.860000 -0.000181 
4.865000 -0.000168 
4.870000 -0.000159 
4.875000 -0.000157 
4.880000 -0.000144 
4.885000 -0.000104 
4.890000 -0.000052 
4.895000 -0.000020 
4.900000 -0.000017 
4.905000 -0.000034 
4.910000 -0.000059 
4.915000 -0.000085 
4.920000 -0.000101 
4.925000 -0.000099 
4.930000 -0.000082 
4.935000 -0.000063 
4.940000 -0.000042 
4.945000 -0.000013 
4.950000 0.000016 
4.955000 0.000029 
4.960000 0.000025 
4.965000 0.000014 
4.970000 0.000008 
4.975000 0.000005 
4.980000 0.000001 
4.985000 -0.000003 
4.990000 -0.000003 
4.995000 -0.000000 
