# Time(ps) Norm. Int.(No Units) 
0.000000 1.000000 
0.005000 0.520716 
0.010000 -0.011630 
0.015000 -0.016682 
0.020000 0.128322 
0.025000 -0.007155 
0.030000 -0.010628 
0.035000 0.075264 
0.040000 0.003457 
0.045000 0.059735 
0.050000 0.160140 
0.055000 0.097240 
0.060000 -0.101031 
0.065000 0.024476 
0.070000 0.067581 
0.075000 0.004785 
0.080000 0.015667 
0.085000 0.157361 
0.090000 0.105088 
0.095000 0.026166 
0.100000 0.101383 
0.105000 0.017032 
0.110000 -0.143746 
0.115000 -0.162710 
0.120000 0.040153 
0.125000 -0.001929 
0.130000 -0.079964 
0.135000 -0.058023 
0.140000 0.108506 
0.145000 0.140444 
0.150000 0.069016 
0.155000 0.010930 
0.160000 -0.014373 
0.165000 0.006061 
0.170000 -0.050733 
0.175000 -0.041669 
0.180000 -0.082722 
0.185000 -0.065040 
0.190000 -0.069995 
0.195000 0.033954 
0.200000 0.060992 
0.205000 0.037589 
0.210000 0.011816 
0.215000 -0.006770 
0.220000 -0.026899 
0.225000 -0.045813 
0.230000 0.056343 
0.235000 0.070824 
0.240000 0.070908 
0.245000 0.004696 
0.250000 0.002958 
0.255000 -0.035701 
0.260000 0.002986 
0.265000 0.016696 
0.270000 -0.043399 
0.275000 -0.075218 
0.280000 0.001757 
0.285000 0.143927 
0.290000 0.111374 
0.295000 0.043328 
0.300000 -0.032824 
0.305000 0.003917 
0.310000 -0.005554 
0.315000 0.015520 
0.320000 0.007409 
0.325000 -0.005724 
0.330000 -0.012515 
0.335000 0.030262 
0.340000 0.083276 
0.345000 -0.015149 
0.350000 -0.071679 
0.355000 -0.025716 
0.360000 0.081730 
0.365000 0.000354 
0.370000 -0.036116 
0.375000 0.016425 
0.380000 0.066554 
0.385000 0.026373 
0.390000 0.022196 
0.395000 0.036221 
0.400000 -0.038980 
0.405000 -0.033018 
0.410000 0.009134 
0.415000 0.020566 
0.420000 -0.049790 
0.425000 0.011772 
0.430000 0.044706 
0.435000 0.027333 
0.440000 0.019571 
0.445000 0.036487 
0.450000 -0.023446 
0.455000 -0.061419 
0.460000 0.040413 
0.465000 0.043779 
0.470000 -0.024038 
0.475000 -0.014023 
0.480000 0.118375 
0.485000 0.066250 
0.490000 -0.047982 
0.495000 -0.062630 
0.500000 -0.000999 
0.505000 -0.005627 
0.510000 -0.017024 
0.515000 0.024450 
0.520000 0.014833 
0.525000 0.010958 
0.530000 0.008842 
0.535000 0.037682 
0.540000 0.015977 
0.545000 0.034988 
0.550000 0.022500 
0.555000 -0.009696 
0.560000 -0.025435 
0.565000 0.005018 
0.570000 0.013990 
0.575000 -0.015591 
0.580000 0.024856 
0.585000 0.051385 
0.590000 0.028237 
0.595000 -0.033103 
0.600000 0.002585 
0.605000 0.020481 
0.610000 -0.001735 
0.615000 -0.020526 
0.620000 0.013733 
0.625000 0.028153 
0.630000 -0.001207 
0.635000 -0.006999 
0.640000 -0.018115 
0.645000 -0.007261 
0.650000 -0.008069 
0.655000 -0.000504 
0.660000 -0.025625 
0.665000 0.000418 
0.670000 0.026767 
0.675000 0.009594 
0.680000 -0.016406 
0.685000 0.003311 
0.690000 0.018584 
0.695000 -0.016743 
0.700000 -0.008762 
0.705000 -0.002098 
0.710000 -0.017225 
0.715000 -0.037961 
0.720000 -0.003867 
0.725000 -0.004171 
0.730000 -0.008346 
0.735000 0.016113 
0.740000 0.004815 
0.745000 -0.054706 
0.750000 -0.058044 
0.755000 0.015623 
0.760000 0.029824 
0.765000 0.023200 
0.770000 0.019060 
0.775000 -0.010348 
0.780000 -0.064288 
0.785000 -0.028591 
0.790000 0.021697 
0.795000 -0.002923 
0.800000 -0.020954 
0.805000 0.008957 
0.810000 0.013166 
0.815000 -0.010989 
0.820000 0.027011 
0.825000 0.035159 
0.830000 -0.009389 
0.835000 -0.019333 
0.840000 0.024529 
0.845000 0.011266 
0.850000 -0.016097 
0.855000 0.011298 
0.860000 0.015673 
0.865000 -0.019474 
0.870000 -0.014176 
0.875000 0.031181 
0.880000 0.018401 
0.885000 -0.002467 
0.890000 0.000743 
0.895000 -0.004995 
0.900000 -0.013312 
0.905000 0.027611 
0.910000 0.051707 
0.915000 0.000643 
0.920000 -0.033983 
0.925000 -0.011012 
0.930000 0.013586 
0.935000 0.007761 
0.940000 0.014295 
0.945000 0.002777 
0.950000 -0.028189 
0.955000 -0.026322 
0.960000 0.007952 
0.965000 0.015555 
0.970000 -0.000164 
0.975000 0.005521 
0.980000 0.000632 
0.985000 -0.016543 
0.990000 -0.011762 
0.995000 0.014307 
1.000000 0.011085 
1.005000 0.003222 
1.010000 0.019504 
1.015000 0.018319 
1.020000 -0.006044 
1.025000 -0.004570 
1.030000 0.024612 
1.035000 0.012214 
1.040000 -0.016586 
1.045000 -0.013857 
1.050000 0.009275 
1.055000 0.014753 
1.060000 0.012279 
1.065000 0.003264 
1.070000 -0.017560 
1.075000 -0.007513 
1.080000 0.020386 
1.085000 0.019156 
1.090000 -0.011833 
1.095000 -0.007143 
1.100000 0.006797 
1.105000 0.000968 
1.110000 0.002878 
1.115000 0.013383 
1.120000 -0.009610 
1.125000 -0.039294 
1.130000 -0.006297 
1.135000 0.029955 
1.140000 0.020805 
1.145000 -0.002817 
1.150000 0.008367 
1.155000 0.009397 
1.160000 -0.001762 
1.165000 -0.002621 
1.170000 -0.000067 
1.175000 0.000533 
1.180000 0.003879 
1.185000 0.006258 
1.190000 -0.014165 
1.195000 -0.008348 
1.200000 0.010199 
1.205000 0.010902 
1.210000 -0.008517 
1.215000 0.002027 
1.220000 0.010554 
1.225000 -0.009815 
1.230000 -0.010408 
1.235000 0.022640 
1.240000 0.042026 
1.245000 0.010505 
1.250000 -0.008653 
1.255000 -0.012068 
1.260000 -0.005562 
1.265000 -0.006906 
1.270000 0.004325 
1.275000 0.007790 
1.280000 0.000351 
1.285000 -0.007120 
1.290000 -0.012809 
1.295000 -0.002496 
1.300000 0.009308 
1.305000 0.020452 
1.310000 0.001187 
1.315000 -0.006330 
1.320000 -0.002332 
1.325000 0.006663 
1.330000 -0.005377 
1.335000 -0.010898 
1.340000 -0.002223 
1.345000 0.001142 
1.350000 0.003619 
1.355000 0.001500 
1.360000 0.006442 
1.365000 -0.004324 
1.370000 0.000024 
1.375000 -0.001119 
1.380000 -0.004060 
1.385000 -0.016963 
1.390000 -0.007824 
1.395000 0.013821 
1.400000 0.019400 
1.405000 0.005168 
1.410000 -0.013080 
1.415000 0.003066 
1.420000 0.017356 
1.425000 0.019711 
1.430000 -0.004665 
1.435000 -0.009031 
1.440000 -0.007119 
1.445000 0.005278 
1.450000 0.013973 
1.455000 0.010718 
1.460000 -0.003831 
1.465000 -0.011193 
1.470000 0.010022 
1.475000 0.013314 
1.480000 0.008751 
1.485000 -0.004022 
1.490000 0.000862 
1.495000 -0.002203 
1.500000 0.007175 
1.505000 0.004730 
1.510000 -0.009322 
1.515000 -0.006975 
1.520000 0.011343 
1.525000 0.012204 
1.530000 -0.014919 
1.535000 -0.003952 
1.540000 0.008961 
1.545000 0.006779 
1.550000 -0.004644 
1.555000 0.014738 
1.560000 0.011333 
1.565000 -0.006855 
1.570000 -0.004062 
1.575000 0.010812 
1.580000 0.012385 
1.585000 0.001363 
1.590000 0.006938 
1.595000 -0.002007 
1.600000 0.001129 
1.605000 0.001190 
1.610000 0.006478 
1.615000 0.002499 
1.620000 0.011027 
1.625000 0.005624 
1.630000 -0.006807 
1.635000 0.005301 
1.640000 0.018535 
1.645000 0.010372 
1.650000 -0.017528 
1.655000 -0.010630 
1.660000 -0.000580 
1.665000 0.011274 
1.670000 0.000981 
1.675000 -0.005156 
1.680000 -0.001293 
1.685000 0.013823 
1.690000 0.008741 
1.695000 -0.009844 
1.700000 0.001589 
1.705000 0.005270 
1.710000 -0.006827 
1.715000 -0.016098 
1.720000 0.009664 
1.725000 0.002856 
1.730000 -0.010079 
1.735000 -0.002518 
1.740000 0.007499 
1.745000 -0.011095 
1.750000 -0.019157 
1.755000 -0.004643 
1.760000 -0.011373 
1.765000 -0.007396 
1.770000 -0.000165 
1.775000 -0.004906 
1.780000 -0.024765 
1.785000 0.001898 
1.790000 0.014884 
1.795000 -0.010281 
1.800000 -0.025776 
1.805000 -0.007589 
1.810000 -0.002638 
1.815000 -0.012707 
1.820000 0.003850 
1.825000 -0.001159 
1.830000 -0.015516 
1.835000 -0.010561 
1.840000 0.019654 
1.845000 0.007498 
1.850000 -0.012299 
1.855000 -0.017083 
1.860000 -0.014239 
1.865000 -0.008203 
1.870000 0.004260 
1.875000 0.008985 
1.880000 -0.010355 
1.885000 -0.008467 
1.890000 -0.005351 
1.895000 -0.000615 
1.900000 -0.003982 
1.905000 0.000825 
1.910000 -0.010532 
1.915000 -0.013721 
1.920000 -0.004666 
1.925000 -0.003451 
1.930000 -0.002854 
1.935000 0.001542 
1.940000 0.007068 
1.945000 -0.008984 
1.950000 -0.008829 
1.955000 -0.010685 
1.960000 -0.006696 
1.965000 -0.000316 
1.970000 0.008859 
1.975000 -0.005945 
1.980000 -0.015804 
1.985000 0.000544 
1.990000 0.004386 
1.995000 -0.001061 
2.000000 -0.001347 
2.005000 0.005638 
2.010000 -0.014246 
2.015000 -0.012090 
2.020000 0.004433 
2.025000 0.008912 
2.030000 -0.005883 
2.035000 -0.006685 
2.040000 -0.005901 
2.045000 -0.015414 
2.050000 -0.009392 
2.055000 -0.004543 
2.060000 -0.000299 
2.065000 0.002615 
2.070000 0.013111 
2.075000 -0.004876 
2.080000 -0.013618 
2.085000 -0.001009 
2.090000 0.008489 
2.095000 -0.002238 
2.100000 -0.004780 
2.105000 0.003140 
2.110000 -0.006819 
2.115000 -0.007266 
2.120000 -0.000230 
2.125000 0.007804 
2.130000 0.000578 
2.135000 0.002545 
2.140000 -0.005465 
2.145000 -0.011092 
2.150000 -0.004509 
2.155000 0.002611 
2.160000 0.000811 
2.165000 0.004357 
2.170000 0.017270 
2.175000 0.001475 
2.180000 -0.012972 
2.185000 -0.008078 
2.190000 0.006786 
2.195000 -0.004207 
2.200000 -0.008582 
2.205000 -0.000572 
2.210000 0.003054 
2.215000 -0.000923 
2.220000 -0.001071 
2.225000 0.003873 
2.230000 -0.001361 
2.235000 0.001318 
2.240000 -0.000358 
2.245000 -0.001633 
2.250000 -0.007186 
2.255000 -0.001952 
2.260000 -0.002058 
2.265000 -0.001400 
2.270000 0.005515 
2.275000 0.006532 
2.280000 -0.005846 
2.285000 -0.017497 
2.290000 -0.003131 
2.295000 0.004878 
2.300000 0.000368 
2.305000 -0.005786 
2.310000 0.005702 
2.315000 0.004269 
2.320000 -0.004256 
2.325000 -0.001762 
2.330000 0.005186 
2.335000 0.000231 
2.340000 -0.007910 
2.345000 -0.001526 
2.350000 -0.001658 
2.355000 -0.000455 
2.360000 -0.000028 
2.365000 0.000520 
2.370000 -0.005504 
2.375000 0.002896 
2.380000 0.007697 
2.385000 -0.003744 
2.390000 -0.008383 
2.395000 0.001854 
2.400000 0.005505 
2.405000 -0.004914 
2.410000 -0.000016 
2.415000 0.001330 
2.420000 -0.003558 
2.425000 -0.003749 
2.430000 0.005414 
2.435000 -0.002334 
2.440000 -0.008875 
2.445000 0.000872 
2.450000 0.004685 
2.455000 -0.000595 
2.460000 -0.001239 
2.465000 0.001791 
2.470000 -0.007007 
2.475000 -0.000542 
2.480000 0.009365 
2.485000 0.004084 
2.490000 -0.007109 
2.495000 0.000489 
2.500000 0.004337 
2.505000 -0.002970 
2.510000 0.000013 
2.515000 0.001134 
2.520000 -0.007057 
2.525000 -0.006345 
2.530000 0.011206 
2.535000 0.005935 
2.540000 -0.007607 
2.545000 -0.003288 
2.550000 0.007262 
2.555000 -0.000391 
2.560000 -0.005513 
2.565000 0.001649 
2.570000 0.001782 
2.575000 0.000891 
2.580000 0.003814 
2.585000 0.004589 
2.590000 -0.004197 
2.595000 -0.002642 
2.600000 0.001572 
2.605000 0.003667 
2.610000 0.005089 
2.615000 0.005282 
2.620000 -0.003051 
2.625000 -0.008644 
2.630000 0.001571 
2.635000 0.008066 
2.640000 0.003122 
2.645000 -0.004039 
2.650000 0.002412 
2.655000 0.006634 
2.660000 0.002248 
2.665000 -0.004712 
2.670000 -0.001322 
2.675000 0.003459 
2.680000 -0.001546 
2.685000 -0.004784 
2.690000 0.000815 
2.695000 0.005692 
2.700000 -0.002122 
2.705000 -0.004110 
2.710000 0.000702 
2.715000 0.003743 
2.720000 0.001189 
2.725000 0.001859 
2.730000 0.001207 
2.735000 -0.001590 
2.740000 -0.000737 
2.745000 -0.001105 
2.750000 -0.000147 
2.755000 0.004181 
2.760000 0.006036 
2.765000 -0.004971 
2.770000 -0.007439 
2.775000 0.002892 
2.780000 0.006206 
2.785000 -0.002313 
2.790000 -0.002911 
2.795000 0.001989 
2.800000 -0.002581 
2.805000 -0.005334 
2.810000 -0.001018 
2.815000 0.003105 
2.820000 0.001581 
2.825000 0.001514 
2.830000 -0.002500 
2.835000 -0.005313 
2.840000 -0.002121 
2.845000 -0.000524 
2.850000 -0.002709 
2.855000 0.000594 
2.860000 0.004890 
2.865000 -0.002287 
2.870000 -0.004196 
2.875000 0.003740 
2.880000 0.004212 
2.885000 -0.005852 
2.890000 -0.004432 
2.895000 0.002748 
2.900000 0.000803 
2.905000 -0.002232 
2.910000 -0.001491 
2.915000 -0.003637 
2.920000 -0.004243 
2.925000 0.004270 
2.930000 0.004160 
2.935000 -0.005090 
2.940000 -0.006967 
2.945000 -0.001874 
2.950000 -0.003430 
2.955000 -0.002360 
2.960000 0.005367 
2.965000 0.003362 
2.970000 -0.004253 
2.975000 -0.002027 
2.980000 0.003037 
2.985000 -0.003309 
2.990000 -0.005745 
2.995000 0.000773 
3.000000 0.002785 
3.005000 -0.000831 
3.010000 0.001116 
3.015000 0.001838 
3.020000 -0.004687 
3.025000 -0.004064 
3.030000 0.003619 
3.035000 0.003727 
3.040000 -0.004044 
3.045000 -0.003986 
3.050000 -0.000593 
3.055000 -0.001449 
3.060000 -0.001835 
3.065000 0.001112 
3.070000 0.000628 
3.075000 -0.002240 
3.080000 -0.000776 
3.085000 -0.001341 
3.090000 -0.004440 
3.095000 -0.003028 
3.100000 0.002429 
3.105000 0.000429 
3.110000 -0.003326 
3.115000 -0.000887 
3.120000 0.000246 
3.125000 -0.003595 
3.130000 -0.002218 
3.135000 0.004088 
3.140000 0.001101 
3.145000 -0.004574 
3.150000 -0.002401 
3.155000 0.001474 
3.160000 -0.001480 
3.165000 -0.001350 
3.170000 0.002320 
3.175000 0.000127 
3.180000 -0.003585 
3.185000 -0.001790 
3.190000 0.000251 
3.195000 -0.001316 
3.200000 0.001156 
3.205000 0.001894 
3.210000 -0.002383 
3.215000 -0.002999 
3.220000 0.002316 
3.225000 0.000600 
3.230000 -0.004096 
3.235000 0.000708 
3.240000 0.005121 
3.245000 0.000050 
3.250000 -0.003915 
3.255000 0.000364 
3.260000 0.000348 
3.265000 -0.001612 
3.270000 0.001306 
3.275000 0.002511 
3.280000 -0.003290 
3.285000 -0.004129 
3.290000 0.001771 
3.295000 0.002609 
3.300000 0.000953 
3.305000 0.001864 
3.310000 0.001260 
3.315000 -0.002756 
3.320000 -0.000111 
3.325000 0.003195 
3.330000 -0.000447 
3.335000 -0.003432 
3.340000 0.001122 
3.345000 0.003158 
3.350000 -0.000771 
3.355000 -0.000504 
3.360000 0.001288 
3.365000 -0.000387 
3.370000 -0.001748 
3.375000 0.001484 
3.380000 0.000445 
3.385000 -0.002164 
3.390000 0.000086 
3.395000 0.002713 
3.400000 0.000290 
3.405000 -0.000651 
3.410000 0.002393 
3.415000 0.001119 
3.420000 -0.000918 
3.425000 0.000590 
3.430000 0.002381 
3.435000 -0.000210 
3.440000 0.000029 
3.445000 0.001744 
3.450000 0.000667 
3.455000 -0.000407 
3.460000 0.000695 
3.465000 0.000315 
3.470000 -0.001048 
3.475000 0.001876 
3.480000 0.002502 
3.485000 0.000082 
3.490000 -0.000362 
3.495000 0.001994 
3.500000 0.000202 
3.505000 -0.000262 
3.510000 0.003526 
3.515000 0.003576 
3.520000 -0.000609 
3.525000 -0.001145 
3.530000 0.001599 
3.535000 0.000200 
3.540000 0.000558 
3.545000 0.002954 
3.550000 0.002773 
3.555000 0.000315 
3.560000 0.001717 
3.565000 0.001642 
3.570000 -0.001316 
3.575000 0.000170 
3.580000 0.003688 
3.585000 0.002708 
3.590000 -0.000022 
3.595000 0.001572 
3.600000 0.000204 
3.605000 -0.002125 
3.610000 0.000608 
3.615000 0.005013 
3.620000 0.002000 
3.625000 -0.001820 
3.630000 0.000280 
3.635000 0.002197 
3.640000 0.001338 
3.645000 0.001212 
3.650000 0.002800 
3.655000 0.001131 
3.660000 0.000674 
3.665000 0.002015 
3.670000 0.002139 
3.675000 -0.000636 
3.680000 -0.000623 
3.685000 0.002005 
3.690000 0.002355 
3.695000 0.000870 
3.700000 0.000121 
3.705000 0.001234 
3.710000 0.001262 
3.715000 0.002385 
3.720000 0.002417 
3.725000 0.000623 
3.730000 -0.001357 
3.735000 0.001060 
3.740000 0.003554 
3.745000 0.001948 
3.750000 0.000737 
3.755000 0.001991 
3.760000 0.001958 
3.765000 -0.000685 
3.770000 0.000551 
3.775000 0.001873 
3.780000 0.000581 
3.785000 0.000273 
3.790000 0.003687 
3.795000 0.003321 
3.800000 -0.000117 
3.805000 0.000582 
3.810000 0.002666 
3.815000 0.001468 
3.820000 -0.000296 
3.825000 0.001502 
3.830000 0.001831 
3.835000 0.001852 
3.840000 0.002205 
3.845000 0.001462 
3.850000 -0.000503 
3.855000 0.000791 
3.860000 0.002502 
3.865000 0.000946 
3.870000 0.000692 
3.875000 0.002007 
3.880000 0.001501 
3.885000 -0.000158 
3.890000 0.002213 
3.895000 0.003322 
3.900000 0.001757 
3.905000 0.001234 
3.910000 0.002541 
3.915000 0.001457 
3.920000 -0.000167 
3.925000 0.000641 
3.930000 0.001139 
3.935000 0.001665 
3.940000 0.001918 
3.945000 0.001264 
3.950000 -0.000083 
3.955000 0.002236 
3.960000 0.003602 
3.965000 0.001075 
3.970000 -0.000685 
3.975000 0.001218 
3.980000 0.001866 
3.985000 0.000424 
3.990000 0.001629 
3.995000 0.002238 
4.000000 0.000617 
4.005000 0.000082 
4.010000 0.002744 
4.015000 0.002377 
4.020000 -0.000095 
4.025000 -0.000388 
4.030000 0.001326 
4.035000 0.002071 
4.040000 0.002068 
4.045000 0.002073 
4.050000 0.000851 
4.055000 0.001203 
4.060000 0.002553 
4.065000 0.002452 
4.070000 -0.000168 
4.075000 -0.000400 
4.080000 0.001243 
4.085000 0.001752 
4.090000 0.001317 
4.095000 0.001860 
4.100000 0.002005 
4.105000 0.000301 
4.110000 0.000337 
4.115000 0.001396 
4.120000 0.001025 
4.125000 -0.000488 
4.130000 0.001222 
4.135000 0.003009 
4.140000 0.001626 
4.145000 -0.000339 
4.150000 0.000229 
4.155000 0.001033 
4.160000 0.000560 
4.165000 0.001273 
4.170000 0.001478 
4.175000 0.000634 
4.180000 0.000364 
4.185000 0.001790 
4.190000 0.001561 
4.195000 0.001068 
4.200000 0.001636 
4.205000 0.001203 
4.210000 -0.000257 
4.215000 0.000290 
4.220000 0.001919 
4.225000 0.001126 
4.230000 0.000957 
4.235000 0.001950 
4.240000 0.001455 
4.245000 -0.000407 
4.250000 0.000580 
4.255000 0.001813 
4.260000 0.000768 
4.265000 0.000278 
4.270000 0.001331 
4.275000 0.001280 
4.280000 0.000190 
4.285000 0.000706 
4.290000 0.000976 
4.295000 0.001127 
4.300000 0.001617 
4.305000 0.001386 
4.310000 -0.000424 
4.315000 -0.000228 
4.320000 0.001654 
4.325000 0.001682 
4.330000 0.000862 
4.335000 0.001213 
4.340000 0.001330 
4.345000 0.000036 
4.350000 0.000335 
4.355000 0.001015 
4.360000 0.000367 
4.365000 -0.000255 
4.370000 0.001105 
4.375000 0.001962 
4.380000 0.001183 
4.385000 0.000444 
4.390000 0.000214 
4.395000 0.000484 
4.400000 0.000901 
4.405000 0.001186 
4.410000 0.000369 
4.415000 0.000105 
4.420000 0.000589 
4.425000 0.001103 
4.430000 0.000976 
4.435000 0.000850 
4.440000 0.000726 
4.445000 0.000396 
4.450000 0.000389 
4.455000 0.000530 
4.460000 0.000899 
4.465000 0.000760 
4.470000 0.000609 
4.475000 0.000612 
4.480000 0.000894 
4.485000 0.000452 
4.490000 0.000105 
4.495000 0.000738 
4.500000 0.001096 
4.505000 0.000319 
4.510000 -0.000264 
4.515000 0.000347 
4.520000 0.000505 
4.525000 0.000542 
4.530000 0.000892 
4.535000 0.000892 
4.540000 0.000091 
4.545000 0.000154 
4.550000 0.000657 
4.555000 0.000328 
4.560000 0.000128 
4.565000 0.000590 
4.570000 0.000707 
4.575000 0.000327 
4.580000 0.000686 
4.585000 0.000670 
4.590000 0.000198 
4.595000 0.000330 
4.600000 0.000779 
4.605000 0.000201 
4.610000 -0.000114 
4.615000 0.000653 
4.620000 0.000784 
4.625000 0.000170 
4.630000 0.000070 
4.635000 0.000348 
4.640000 0.000093 
4.645000 0.000330 
4.650000 0.000678 
4.655000 0.000264 
4.660000 -0.000188 
4.665000 0.000253 
4.670000 0.000543 
4.675000 0.000295 
4.680000 0.000313 
4.685000 0.000158 
4.690000 -0.000174 
4.695000 0.000037 
4.700000 0.000502 
4.705000 0.000037 
4.710000 -0.000239 
4.715000 0.000405 
4.720000 0.000735 
4.725000 0.000178 
4.730000 -0.000101 
4.735000 0.000118 
4.740000 0.000147 
4.745000 0.000308 
4.750000 0.000442 
4.755000 0.000099 
4.760000 -0.000321 
4.765000 -0.000003 
4.770000 0.000355 
4.775000 0.000257 
4.780000 0.000097 
4.785000 0.000050 
4.790000 -0.000049 
4.795000 -0.000000 
4.800000 0.000239 
4.805000 0.000148 
4.810000 -0.000021 
4.815000 0.000116 
4.820000 0.000346 
4.825000 0.000189 
4.830000 -0.000036 
4.835000 -0.000032 
4.840000 0.000075 
4.845000 0.000122 
4.850000 0.000125 
4.855000 0.000130 
4.860000 0.000077 
4.865000 0.000062 
4.870000 0.000080 
4.875000 0.000133 
4.880000 0.000121 
4.885000 0.000105 
4.890000 0.000106 
4.895000 0.000084 
4.900000 0.000009 
4.905000 -0.000031 
4.910000 0.000009 
4.915000 0.000042 
4.920000 0.000080 
4.925000 0.000094 
4.930000 0.000046 
4.935000 -0.000032 
4.940000 -0.000013 
4.945000 0.000037 
4.950000 0.000038 
4.955000 0.000034 
4.960000 0.000046 
4.965000 0.000029 
4.970000 0.000004 
4.975000 0.000017 
4.980000 0.000024 
4.985000 0.000013 
4.990000 0.000007 
4.995000 0.000001 
