# Time(ps) Norm. Int.(No Units) 
0.000000 1.000000 
0.005000 0.672778 
0.010000 0.081036 
0.015000 -0.189872 
0.020000 -0.124256 
0.025000 -0.084522 
0.030000 -0.175103 
0.035000 -0.174989 
0.040000 0.033631 
0.045000 0.245419 
0.050000 0.213374 
0.055000 0.036751 
0.060000 0.039487 
0.065000 0.243923 
0.070000 0.294072 
0.075000 0.024279 
0.080000 -0.263091 
0.085000 -0.261052 
0.090000 -0.070606 
0.095000 0.038432 
0.100000 0.025600 
0.105000 0.048629 
0.110000 0.165297 
0.115000 0.237437 
0.120000 0.142558 
0.125000 -0.033382 
0.130000 -0.107981 
0.135000 -0.053947 
0.140000 -0.009207 
0.145000 -0.052520 
0.150000 -0.101303 
0.155000 -0.063193 
0.160000 0.023226 
0.165000 0.069717 
0.170000 0.080844 
0.175000 0.113929 
0.180000 0.148210 
0.185000 0.115722 
0.190000 0.023348 
0.195000 -0.063701 
0.200000 -0.113701 
0.205000 -0.119113 
0.210000 -0.067249 
0.215000 0.023232 
0.220000 0.100637 
0.225000 0.127288 
0.230000 0.093022 
0.235000 0.027355 
0.240000 0.003181 
0.245000 0.044469 
0.250000 0.072025 
0.255000 0.027494 
0.260000 -0.040128 
0.265000 -0.085351 
0.270000 -0.125017 
0.275000 -0.139798 
0.280000 -0.069426 
0.285000 0.069880 
0.290000 0.182321 
0.295000 0.197196 
0.300000 0.115693 
0.305000 0.004654 
0.310000 -0.048275 
0.315000 -0.030867 
0.320000 -0.020061 
0.325000 -0.056147 
0.330000 -0.089062 
0.335000 -0.076686 
0.340000 -0.035689 
0.345000 0.015554 
0.350000 0.077658 
0.355000 0.138470 
0.360000 0.173271 
0.365000 0.156312 
0.370000 0.068170 
0.375000 -0.067675 
0.380000 -0.169606 
0.385000 -0.169341 
0.390000 -0.085032 
0.395000 0.008202 
0.400000 0.064744 
0.405000 0.099240 
0.410000 0.134010 
0.415000 0.146475 
0.420000 0.100669 
0.425000 0.020732 
0.430000 -0.021598 
0.435000 -0.004791 
0.440000 0.005537 
0.445000 -0.051610 
0.450000 -0.135104 
0.455000 -0.139798 
0.460000 -0.032121 
0.465000 0.101197 
0.470000 0.165908 
0.475000 0.164485 
0.480000 0.140768 
0.485000 0.085086 
0.490000 -0.026756 
0.495000 -0.145465 
0.500000 -0.179817 
0.505000 -0.107918 
0.510000 -0.008756 
0.515000 0.025038 
0.520000 -0.008868 
0.525000 -0.024038 
0.530000 0.038530 
0.535000 0.128534 
0.540000 0.153863 
0.545000 0.093595 
0.550000 -0.003374 
0.555000 -0.093177 
0.560000 -0.157084 
0.565000 -0.172882 
0.570000 -0.117369 
0.575000 -0.000129 
0.580000 0.122572 
0.585000 0.179736 
0.590000 0.147030 
0.595000 0.070889 
0.600000 0.012751 
0.605000 -0.016721 
0.610000 -0.042397 
0.615000 -0.070583 
0.620000 -0.085533 
0.625000 -0.080014 
0.630000 -0.057523 
0.635000 -0.017734 
0.640000 0.038141 
0.645000 0.095611 
0.650000 0.132187 
0.655000 0.132293 
0.660000 0.092293 
0.665000 0.016309 
0.670000 -0.079853 
0.675000 -0.155361 
0.680000 -0.158930 
0.685000 -0.081542 
0.690000 0.020181 
0.695000 0.079284 
0.700000 0.085287 
0.705000 0.073419 
0.710000 0.064367 
0.715000 0.045621 
0.720000 0.010383 
0.725000 -0.018978 
0.730000 -0.026468 
0.735000 -0.037813 
0.740000 -0.079953 
0.745000 -0.116304 
0.750000 -0.077095 
0.755000 0.038399 
0.760000 0.141354 
0.765000 0.153017 
0.770000 0.087023 
0.775000 0.016244 
0.780000 -0.015719 
0.785000 -0.026296 
0.790000 -0.043580 
0.795000 -0.055206 
0.800000 -0.035213 
0.805000 0.000233 
0.810000 0.011975 
0.815000 0.004282 
0.820000 0.021970 
0.825000 0.078929 
0.830000 0.129384 
0.835000 0.119007 
0.840000 0.046169 
0.845000 -0.036236 
0.850000 -0.077770 
0.855000 -0.077498 
0.860000 -0.061196 
0.865000 -0.032388 
0.870000 0.019422 
0.875000 0.076315 
0.880000 0.098639 
0.885000 0.073898 
0.890000 0.032944 
0.895000 0.013833 
0.900000 0.018774 
0.905000 0.013955 
0.910000 -0.023421 
0.915000 -0.069880 
0.920000 -0.083774 
0.925000 -0.054571 
0.930000 -0.004473 
0.935000 0.042082 
0.940000 0.071521 
0.945000 0.078588 
0.950000 0.065028 
0.955000 0.034809 
0.960000 -0.007705 
0.965000 -0.050110 
0.970000 -0.073526 
0.975000 -0.068511 
0.980000 -0.042500 
0.985000 -0.011437 
0.990000 0.012871 
0.995000 0.032264 
1.000000 0.055553 
1.005000 0.076012 
1.010000 0.070878 
1.015000 0.035768 
1.020000 -0.001801 
1.025000 -0.019929 
1.030000 -0.030763 
1.035000 -0.051294 
1.040000 -0.065112 
1.045000 -0.040012 
1.050000 0.021582 
1.055000 0.074242 
1.060000 0.080229 
1.065000 0.052155 
1.070000 0.029439 
1.075000 0.022731 
1.080000 0.006405 
1.085000 -0.031146 
1.090000 -0.058623 
1.095000 -0.044544 
1.100000 -0.008037 
1.105000 0.006607 
1.110000 -0.004310 
1.115000 -0.001613 
1.120000 0.034098 
1.125000 0.072841 
1.130000 0.075513 
1.135000 0.039840 
1.140000 -0.004012 
1.145000 -0.033454 
1.150000 -0.053806 
1.155000 -0.070486 
1.160000 -0.061183 
1.165000 -0.008820 
1.170000 0.052817 
1.175000 0.072202 
1.180000 0.049728 
1.185000 0.029293 
1.190000 0.030443 
1.195000 0.030887 
1.200000 0.009223 
1.205000 -0.026796 
1.210000 -0.054002 
1.215000 -0.059414 
1.220000 -0.045844 
1.225000 -0.014486 
1.230000 0.038027 
1.235000 0.091457 
1.240000 0.101959 
1.245000 0.058220 
1.250000 0.005129 
1.255000 -0.017182 
1.260000 -0.021338 
1.265000 -0.033686 
1.270000 -0.046290 
1.275000 -0.038321 
1.280000 -0.016576 
1.285000 -0.003636 
1.290000 0.002415 
1.295000 0.026850 
1.300000 0.070267 
1.305000 0.088668 
1.310000 0.047500 
1.315000 -0.021797 
1.320000 -0.056466 
1.325000 -0.045331 
1.330000 -0.034420 
1.335000 -0.047235 
1.340000 -0.047115 
1.345000 -0.001294 
1.350000 0.057898 
1.355000 0.074822 
1.360000 0.048526 
1.365000 0.024112 
1.370000 0.019122 
1.375000 0.004479 
1.380000 -0.038300 
1.385000 -0.078136 
1.390000 -0.071152 
1.395000 -0.021821 
1.400000 0.018693 
1.405000 0.022618 
1.410000 0.022455 
1.415000 0.050816 
1.420000 0.078754 
1.425000 0.058601 
1.430000 -0.001055 
1.435000 -0.048033 
1.440000 -0.053432 
1.445000 -0.033561 
1.450000 -0.018994 
1.455000 -0.017257 
1.460000 -0.006490 
1.465000 0.026537 
1.470000 0.055684 
1.475000 0.051320 
1.480000 0.026537 
1.485000 0.010318 
1.490000 0.001147 
1.495000 -0.017692 
1.500000 -0.042761 
1.505000 -0.054283 
1.510000 -0.037268 
1.515000 0.002669 
1.520000 0.035202 
1.525000 0.035542 
1.530000 0.019250 
1.535000 0.017630 
1.540000 0.028593 
1.545000 0.025531 
1.550000 -0.000147 
1.555000 -0.031395 
1.560000 -0.046742 
1.565000 -0.038468 
1.570000 -0.019140 
1.575000 -0.004615 
1.580000 0.008949 
1.585000 0.030459 
1.590000 0.045308 
1.595000 0.032575 
1.600000 0.001965 
1.605000 -0.015900 
1.610000 -0.010194 
1.615000 -0.001165 
1.620000 -0.010218 
1.625000 -0.029207 
1.630000 -0.030808 
1.635000 -0.009068 
1.640000 0.012076 
1.645000 0.016854 
1.650000 0.016549 
1.655000 0.021869 
1.660000 0.023190 
1.665000 0.008604 
1.670000 -0.015212 
1.675000 -0.028785 
1.680000 -0.024681 
1.685000 -0.018018 
1.690000 -0.021204 
1.695000 -0.021640 
1.700000 -0.006521 
1.705000 0.010778 
1.710000 0.015586 
1.715000 0.015701 
1.720000 0.018050 
1.725000 0.012494 
1.730000 -0.006318 
1.735000 -0.027820 
1.740000 -0.039432 
1.745000 -0.037019 
1.750000 -0.027886 
1.755000 -0.022293 
1.760000 -0.013752 
1.765000 0.010991 
1.770000 0.036807 
1.775000 0.033792 
1.780000 0.006415 
1.785000 -0.014542 
1.790000 -0.020616 
1.795000 -0.025672 
1.800000 -0.033466 
1.805000 -0.034999 
1.810000 -0.024331 
1.815000 -0.006334 
1.820000 0.004762 
1.825000 0.004181 
1.830000 0.009508 
1.835000 0.029261 
1.840000 0.035904 
1.845000 0.005052 
1.850000 -0.040836 
1.855000 -0.060753 
1.860000 -0.045179 
1.865000 -0.017208 
1.870000 -0.001035 
1.875000 0.001248 
1.880000 0.005708 
1.885000 0.018516 
1.890000 0.024458 
1.895000 0.014915 
1.900000 0.003200 
1.905000 -0.002478 
1.910000 -0.013491 
1.915000 -0.035304 
1.920000 -0.051764 
1.925000 -0.043811 
1.930000 -0.012581 
1.935000 0.018711 
1.940000 0.027957 
1.945000 0.019514 
1.950000 0.013985 
1.955000 0.015075 
1.960000 0.008639 
1.965000 -0.010026 
1.970000 -0.030035 
1.975000 -0.039983 
1.980000 -0.035183 
1.985000 -0.018787 
1.990000 -0.000281 
1.995000 0.013692 
2.000000 0.021841 
2.005000 0.021470 
2.010000 0.012289 
2.015000 0.002440 
2.020000 -0.002839 
2.025000 -0.008500 
2.030000 -0.018293 
2.035000 -0.029389 
2.040000 -0.037633 
2.045000 -0.035463 
2.050000 -0.014837 
2.055000 0.016936 
2.060000 0.038242 
2.065000 0.035450 
2.070000 0.013551 
2.075000 -0.011957 
2.080000 -0.025974 
2.085000 -0.024731 
2.090000 -0.017675 
2.095000 -0.013103 
2.100000 -0.010294 
2.105000 -0.008729 
2.110000 -0.008896 
2.115000 -0.003868 
2.120000 0.011891 
2.125000 0.028582 
2.130000 0.029849 
2.135000 0.010781 
2.140000 -0.018497 
2.145000 -0.040170 
2.150000 -0.041358 
2.155000 -0.025130 
2.160000 -0.004722 
2.165000 0.011202 
2.170000 0.019308 
2.175000 0.016558 
2.180000 0.006034 
2.185000 -0.001917 
2.190000 -0.002078 
2.195000 0.000546 
2.200000 -0.000741 
2.205000 -0.008261 
2.210000 -0.018618 
2.215000 -0.023520 
2.220000 -0.017768 
2.225000 -0.005475 
2.230000 0.006833 
2.235000 0.016432 
2.240000 0.019562 
2.245000 0.011860 
2.250000 -0.002654 
2.255000 -0.013160 
2.260000 -0.014391 
2.265000 -0.010465 
2.270000 -0.007893 
2.275000 -0.008629 
2.280000 -0.008886 
2.285000 -0.005083 
2.290000 0.000133 
2.295000 0.002985 
2.300000 0.006465 
2.305000 0.013474 
2.310000 0.016878 
2.315000 0.007919 
2.320000 -0.009270 
2.325000 -0.021689 
2.330000 -0.022612 
2.335000 -0.015907 
2.340000 -0.007766 
2.345000 0.000566 
2.350000 0.009901 
2.355000 0.015738 
2.360000 0.011313 
2.365000 0.000087 
2.370000 -0.005264 
2.375000 -0.000631 
2.380000 0.003392 
2.385000 -0.002552 
2.390000 -0.014431 
2.395000 -0.021438 
2.400000 -0.017630 
2.405000 -0.005902 
2.410000 0.006466 
2.415000 0.015375 
2.420000 0.020435 
2.425000 0.018450 
2.430000 0.005950 
2.435000 -0.010762 
2.440000 -0.019509 
2.445000 -0.017242 
2.450000 -0.011210 
2.455000 -0.007413 
2.460000 -0.005714 
2.465000 -0.002672 
2.470000 0.004317 
2.475000 0.012219 
2.480000 0.014263 
2.485000 0.009812 
2.490000 0.004439 
2.495000 -0.001001 
2.500000 -0.010169 
2.505000 -0.020472 
2.510000 -0.023941 
2.515000 -0.017471 
2.520000 -0.004883 
2.525000 0.007723 
2.530000 0.015542 
2.535000 0.017395 
2.540000 0.014301 
2.545000 0.005784 
2.550000 -0.006754 
2.555000 -0.015606 
2.560000 -0.014483 
2.565000 -0.007846 
2.570000 -0.004673 
2.575000 -0.006406 
2.580000 -0.006821 
2.585000 -0.001156 
2.590000 0.008191 
2.595000 0.015067 
2.600000 0.016493 
2.605000 0.013053 
2.610000 0.004142 
2.615000 -0.009922 
2.620000 -0.022285 
2.625000 -0.024156 
2.630000 -0.014462 
2.635000 -0.000237 
2.640000 0.010215 
2.645000 0.013247 
2.650000 0.011967 
2.655000 0.010723 
2.660000 0.008008 
2.665000 0.001026 
2.670000 -0.006312 
2.675000 -0.009160 
2.680000 -0.009541 
2.685000 -0.010629 
2.690000 -0.010978 
2.695000 -0.008319 
2.700000 -0.001395 
2.705000 0.009729 
2.710000 0.018888 
2.715000 0.017607 
2.720000 0.007237 
2.725000 -0.003275 
2.730000 -0.010288 
2.735000 -0.014574 
2.740000 -0.013853 
2.745000 -0.006958 
2.750000 0.001457 
2.755000 0.006134 
2.760000 0.005443 
2.765000 0.001651 
2.770000 0.001070 
2.775000 0.007266 
2.780000 0.013003 
2.785000 0.008464 
2.790000 -0.004215 
2.795000 -0.014357 
2.800000 -0.016462 
2.805000 -0.012511 
2.810000 -0.005636 
2.815000 0.002397 
2.820000 0.009799 
2.825000 0.013518 
2.830000 0.010332 
2.835000 0.001357 
2.840000 -0.006447 
2.845000 -0.007266 
2.850000 -0.003462 
2.855000 -0.001979 
2.860000 -0.004992 
2.865000 -0.007650 
2.870000 -0.005659 
2.875000 -0.001228 
2.880000 0.001865 
2.885000 0.004798 
2.890000 0.009295 
2.895000 0.011021 
2.900000 0.004840 
2.905000 -0.006594 
2.910000 -0.014976 
2.915000 -0.014804 
2.920000 -0.007854 
2.925000 -0.000995 
2.930000 0.001269 
2.935000 0.001185 
2.940000 0.001651 
2.945000 0.001027 
2.950000 -0.000574 
2.955000 0.001613 
2.960000 0.007080 
2.965000 0.007305 
2.970000 -0.001549 
2.975000 -0.012452 
2.980000 -0.016899 
2.985000 -0.013157 
2.990000 -0.004949 
2.995000 0.003142 
3.000000 0.009002 
3.005000 0.012050 
3.010000 0.009864 
3.015000 0.001306 
3.020000 -0.007226 
3.025000 -0.007601 
3.030000 -0.002070 
3.035000 -0.000397 
3.040000 -0.005450 
3.045000 -0.010133 
3.050000 -0.008238 
3.055000 -0.001665 
3.060000 0.003934 
3.065000 0.006539 
3.070000 0.007941 
3.075000 0.007888 
3.080000 0.002968 
3.085000 -0.006494 
3.090000 -0.013345 
3.095000 -0.011535 
3.100000 -0.004149 
3.105000 0.000416 
3.110000 -0.000931 
3.115000 -0.002785 
3.120000 0.000462 
3.125000 0.006463 
3.130000 0.008506 
3.135000 0.004814 
3.140000 -0.000517 
3.145000 -0.004335 
3.150000 -0.007214 
3.155000 -0.009844 
3.160000 -0.010315 
3.165000 -0.006189 
3.170000 0.001316 
3.175000 0.006933 
3.180000 0.007156 
3.185000 0.004763 
3.190000 0.004182 
3.195000 0.004572 
3.200000 0.001680 
3.205000 -0.005071 
3.210000 -0.010981 
3.215000 -0.011108 
3.220000 -0.005387 
3.225000 0.001417 
3.230000 0.004910 
3.235000 0.005180 
3.240000 0.004795 
3.245000 0.004794 
3.250000 0.004372 
3.255000 0.002653 
3.260000 -0.000378 
3.265000 -0.003784 
3.270000 -0.006651 
3.275000 -0.008761 
3.280000 -0.008863 
3.285000 -0.004374 
3.290000 0.004278 
3.295000 0.011542 
3.300000 0.012005 
3.305000 0.006067 
3.310000 -0.000812 
3.315000 -0.003320 
3.320000 -0.001426 
3.325000 -0.000218 
3.330000 -0.002770 
3.335000 -0.005604 
3.340000 -0.004514 
3.345000 -0.000649 
3.350000 0.002977 
3.355000 0.006010 
3.360000 0.008469 
3.365000 0.008505 
3.370000 0.004755 
3.375000 -0.001493 
3.380000 -0.006676 
3.385000 -0.007310 
3.390000 -0.003729 
3.395000 -0.000191 
3.400000 0.000736 
3.405000 0.000972 
3.410000 0.002580 
3.415000 0.004677 
3.420000 0.005802 
3.425000 0.005731 
3.430000 0.004615 
3.435000 0.002660 
3.440000 0.000226 
3.445000 -0.002483 
3.450000 -0.004911 
3.455000 -0.005677 
3.460000 -0.003568 
3.465000 0.001253 
3.470000 0.006807 
3.475000 0.009929 
3.480000 0.008693 
3.485000 0.004400 
3.490000 0.000104 
3.495000 -0.002235 
3.500000 -0.002535 
3.505000 -0.001875 
3.510000 -0.001227 
3.515000 -0.000333 
3.520000 0.001124 
3.525000 0.002070 
3.530000 0.002240 
3.535000 0.003752 
3.540000 0.007173 
3.545000 0.008909 
3.550000 0.005696 
3.555000 -0.000924 
3.560000 -0.006217 
3.565000 -0.006463 
3.570000 -0.002164 
3.575000 0.002112 
3.580000 0.003196 
3.585000 0.003193 
3.590000 0.004557 
3.595000 0.005151 
3.600000 0.002910 
3.605000 0.000659 
3.610000 0.001561 
3.615000 0.003749 
3.620000 0.002929 
3.625000 -0.001886 
3.630000 -0.006468 
3.635000 -0.005306 
3.640000 0.001543 
3.645000 0.007506 
3.650000 0.007761 
3.655000 0.004892 
3.660000 0.003382 
3.665000 0.002982 
3.670000 0.001099 
3.675000 -0.001836 
3.680000 -0.002773 
3.685000 -0.000635 
3.690000 0.001672 
3.695000 0.000983 
3.700000 -0.001197 
3.705000 -0.000306 
3.710000 0.004432 
3.715000 0.008213 
3.720000 0.006826 
3.725000 0.001918 
3.730000 -0.001357 
3.735000 -0.000791 
3.740000 0.000585 
3.745000 -0.000445 
3.750000 -0.002162 
3.755000 -0.000925 
3.760000 0.002627 
3.765000 0.004610 
3.770000 0.003734 
3.775000 0.002424 
3.780000 0.002934 
3.785000 0.004506 
3.790000 0.004220 
3.795000 0.000850 
3.800000 -0.002723 
3.805000 -0.003231 
3.810000 -0.001767 
3.815000 -0.001095 
3.820000 -0.000489 
3.825000 0.002296 
3.830000 0.006271 
3.835000 0.008169 
3.840000 0.006292 
3.845000 0.001806 
3.850000 -0.002120 
3.855000 -0.002860 
3.860000 -0.001227 
3.865000 -0.000125 
3.870000 -0.000279 
3.875000 -0.000054 
3.880000 0.001279 
3.885000 0.002971 
3.890000 0.004322 
3.895000 0.004812 
3.900000 0.004126 
3.905000 0.002724 
3.910000 0.001072 
3.915000 -0.000991 
3.920000 -0.002909 
3.925000 -0.003060 
3.930000 -0.000947 
3.935000 0.001780 
3.940000 0.003265 
3.945000 0.003319 
3.950000 0.003072 
3.955000 0.003329 
3.960000 0.003492 
3.965000 0.002300 
3.970000 -0.000263 
3.975000 -0.002426 
3.980000 -0.002480 
3.985000 -0.000786 
3.990000 0.000716 
3.995000 0.001051 
4.000000 0.001424 
4.005000 0.003110 
4.010000 0.005052 
4.015000 0.005037 
4.020000 0.002716 
4.025000 -0.000005 
4.030000 -0.001341 
4.035000 -0.001382 
4.040000 -0.001373 
4.045000 -0.001542 
4.050000 -0.000402 
4.055000 0.002700 
4.060000 0.005331 
4.065000 0.004661 
4.070000 0.001705 
4.075000 0.000086 
4.080000 0.001033 
4.085000 0.002253 
4.090000 0.001496 
4.095000 -0.000694 
4.100000 -0.001900 
4.105000 -0.000840 
4.110000 0.000963 
4.115000 0.001448 
4.120000 0.001371 
4.125000 0.002860 
4.130000 0.005033 
4.135000 0.004556 
4.140000 0.000851 
4.145000 -0.002560 
4.150000 -0.002539 
4.155000 0.000073 
4.160000 0.001890 
4.165000 0.001088 
4.170000 -0.000454 
4.175000 0.000182 
4.180000 0.002570 
4.185000 0.003588 
4.190000 0.002408 
4.195000 0.001466 
4.200000 0.001940 
4.205000 0.001850 
4.210000 -0.000286 
4.215000 -0.002611 
4.220000 -0.002119 
4.225000 0.001354 
4.230000 0.004408 
4.235000 0.003928 
4.240000 0.001105 
4.245000 -0.000209 
4.250000 0.001127 
4.255000 0.002493 
4.260000 0.001928 
4.265000 0.000603 
4.270000 0.000280 
4.275000 0.000684 
4.280000 0.000446 
4.285000 -0.000471 
4.290000 -0.000444 
4.295000 0.001443 
4.300000 0.003604 
4.305000 0.003743 
4.310000 0.001929 
4.315000 0.000379 
4.320000 0.000465 
4.325000 0.001306 
4.330000 0.001338 
4.335000 0.000372 
4.340000 -0.000338 
4.345000 0.000099 
4.350000 0.001035 
4.355000 0.001412 
4.360000 0.001325 
4.365000 0.001569 
4.370000 0.002261 
4.375000 0.002611 
4.380000 0.001842 
4.385000 0.000225 
4.390000 -0.000896 
4.395000 -0.000609 
4.400000 0.000388 
4.405000 0.000936 
4.410000 0.001004 
4.415000 0.001226 
4.420000 0.001742 
4.425000 0.002174 
4.430000 0.002050 
4.435000 0.001263 
4.440000 0.000471 
4.445000 0.000375 
4.450000 0.000564 
4.455000 0.000245 
4.460000 -0.000301 
4.465000 -0.000225 
4.470000 0.000583 
4.475000 0.001532 
4.480000 0.001996 
4.485000 0.001735 
4.490000 0.001235 
4.495000 0.001079 
4.500000 0.000887 
4.505000 0.000016 
4.510000 -0.000950 
4.515000 -0.000883 
4.520000 0.000205 
4.525000 0.001299 
4.530000 0.001628 
4.535000 0.001243 
4.540000 0.000867 
4.545000 0.001060 
4.550000 0.001350 
4.555000 0.000903 
4.560000 -0.000060 
4.565000 -0.000574 
4.570000 -0.000319 
4.575000 0.000205 
4.580000 0.000499 
4.585000 0.000541 
4.590000 0.000721 
4.595000 0.001245 
4.600000 0.001596 
4.605000 0.001191 
4.610000 0.000427 
4.615000 0.000163 
4.620000 0.000427 
4.625000 0.000483 
4.630000 -0.000023 
4.635000 -0.000534 
4.640000 -0.000206 
4.645000 0.000924 
4.650000 0.001690 
4.655000 0.001275 
4.660000 0.000401 
4.665000 0.000229 
4.670000 0.000687 
4.675000 0.000797 
4.680000 0.000179 
4.685000 -0.000493 
4.690000 -0.000429 
4.695000 0.000228 
4.700000 0.000595 
4.705000 0.000396 
4.710000 0.000376 
4.715000 0.000940 
4.720000 0.001309 
4.725000 0.000752 
4.730000 -0.000208 
4.735000 -0.000510 
4.740000 0.000047 
4.745000 0.000629 
4.750000 0.000462 
4.755000 -0.000150 
4.760000 -0.000267 
4.765000 0.000306 
4.770000 0.000770 
4.775000 0.000602 
4.780000 0.000233 
4.785000 0.000204 
4.790000 0.000365 
4.795000 0.000264 
4.800000 -0.000113 
4.805000 -0.000306 
4.810000 -0.000026 
4.815000 0.000388 
4.820000 0.000429 
4.825000 0.000149 
4.830000 0.000028 
4.835000 0.000234 
4.840000 0.000456 
4.845000 0.000409 
4.850000 0.000167 
4.855000 -0.000016 
4.860000 -0.000032 
4.865000 0.000009 
4.870000 -0.000014 
4.875000 -0.000037 
4.880000 0.000054 
4.885000 0.000213 
4.890000 0.000304 
4.895000 0.000266 
4.900000 0.000137 
4.905000 0.000018 
4.910000 -0.000005 
4.915000 0.000039 
4.920000 0.000042 
4.925000 -0.000029 
4.930000 -0.000090 
4.935000 -0.000073 
4.940000 -0.000006 
4.945000 0.000048 
4.950000 0.000062 
4.955000 0.000056 
4.960000 0.000047 
4.965000 0.000026 
4.970000 -0.000006 
4.975000 -0.000018 
4.980000 0.000005 
4.985000 0.000032 
4.990000 0.000029 
4.995000 0.000010 
