# Frequency (THz), VDOS (THz^-1)
0.00000, 3.92069e-05
0.20000, -7.81996e-05
0.40000, 1.71636e-04
0.60000, -2.65142e-04
0.80000, 3.09714e-04
1.00000, -2.90291e-04
1.20000, 2.26762e-04
1.40000, -1.51792e-04
1.60000, 8.79429e-05
1.80000, -4.13433e-05
2.00000, 9.24100e-06
2.20000, 1.23346e-05
2.40000, -2.78372e-05
2.60000, 4.36552e-05
2.80000, -6.51435e-05
3.00000, 9.06080e-05
3.20000, -1.09757e-04
3.40000, 1.10479e-04
3.60000, -8.86655e-05
3.80000, 5.19987e-05
4.00000, -1.45551e-05
4.20000, -1.23525e-05
4.40000, 2.56571e-05
4.60000, -2.96122e-05
4.80000, 3.07890e-05
5.00000, -3.30734e-05
5.20000, 3.57965e-05
5.40000, -3.56729e-05
5.60000, 3.04122e-05
5.80000, -2.08720e-05
6.00000, 1.04350e-05
6.20000, -2.88497e-06
6.40000, 6.23688e-07
6.60000, -3.80896e-06
6.80000, 1.03093e-05
7.00000, -1.67696e-05
7.20000, 2.06252e-05
7.40000, -2.14883e-05
7.60000, 2.05046e-05
7.80000, -1.85504e-05
8.00000, 1.53869e-05
8.20000, -1.02611e-05
8.40000, 2.48424e-06
8.60000, 8.68579e-06
8.80000, -2.34743e-05
9.00000, 3.96185e-05
9.20000, -5.12429e-05
9.40000, 5.10890e-05
9.60000, -3.49007e-05
9.80000, 4.37903e-06
10.00000, 3.29221e-05
10.20000, -6.61921e-05
10.40000, 8.63268e-05
10.60000, -9.17194e-05
10.80000, 8.89610e-05
11.00000, -8.48378e-05
11.20000, 7.79963e-05
11.40000, -6.31032e-05
11.60000, 4.49725e-05
11.80000, -4.39390e-05
12.00000, 8.22243e-05
12.20000, -1.64960e-04
12.40000, 2.76655e-04
12.60000, -3.95391e-04
12.80000, 5.06746e-04
13.00000, -6.01183e-04
13.20000, 6.61002e-04
13.40000, -6.60228e-04
13.60000, 5.86786e-04
13.80000, -4.63525e-04
14.00000, 3.39496e-04
14.20000, -2.57739e-04
14.40000, 2.32217e-04
14.60000, -2.50007e-04
14.80000, 2.85462e-04
15.00000, -3.09887e-04
15.20000, 2.96590e-04
15.40000, -2.29432e-04
15.60000, 1.14372e-04
15.80000, 1.78312e-05
16.00000, -1.25870e-04
16.20000, 1.80448e-04
16.40000, -1.77724e-04
16.60000, 1.35455e-04
16.80000, -7.83330e-05
17.00000, 2.49942e-05
17.20000, 1.56744e-05
17.40000, -4.19437e-05
17.60000, 5.94646e-05
17.80000, -8.50400e-05
18.00000, 1.40944e-04
18.20000, -2.33130e-04
18.40000, 3.33657e-04
18.60000, -3.94350e-04
18.80000, 3.84174e-04
19.00000, -3.11772e-04
19.20000, 2.12758e-04
19.40000, -1.21442e-04
19.60000, 5.52118e-05
19.80000, -1.58447e-05
20.00000, -4.52307e-06
20.20000, 1.83228e-05
20.40000, -3.50019e-05
20.60000, 5.31476e-05
20.80000, -6.16928e-05
21.00000, 5.18944e-05
21.20000, -2.76912e-05
21.40000, 2.41909e-06
21.60000, 1.39585e-05
21.80000, -2.18165e-05
22.00000, 2.62117e-05
22.20000, -2.79616e-05
22.40000, 2.30011e-05
22.60000, -8.97013e-06
22.80000, -1.04153e-05
23.00000, 2.76565e-05
23.20000, -3.67467e-05
23.40000, 3.64163e-05
23.60000, -2.96709e-05
23.80000, 2.09103e-05
24.00000, -1.32535e-05
24.20000, 7.88976e-06
24.40000, -4.84960e-06
24.60000, 3.51317e-06
24.80000, -2.58808e-06
25.00000, 5.35722e-07
25.20000, 3.31860e-06
25.40000, -8.03211e-06
25.60000, 1.16130e-05
25.80000, -1.25405e-05
26.00000, 1.07925e-05
26.20000, -7.39375e-06
26.40000, 3.01279e-06
26.60000, 3.06563e-06
26.80000, -1.28829e-05
27.00000, 2.87145e-05
27.20000, -5.10388e-05
27.40000, 7.61654e-05
27.60000, -9.56989e-05
27.80000, 1.00167e-04
28.00000, -8.55876e-05
28.20000, 5.76097e-05
28.40000, -2.87793e-05
28.60000, 1.04358e-05
28.80000, -5.45514e-06
29.00000, 7.24665e-06
29.20000, -5.75099e-06
29.40000, -3.52121e-06
29.60000, 1.37597e-05
29.80000, -9.35505e-06
30.00000, -2.38878e-05
30.20000, 8.72944e-05
30.40000, -1.64492e-04
30.60000, 2.27173e-04
30.80000, -2.49485e-04
31.00000, 2.23256e-04
31.20000, -1.63160e-04
31.40000, 9.65339e-05
31.60000, -4.56494e-05
31.80000, 1.70190e-05
32.00000, -3.96790e-06
32.20000, -3.75965e-06
32.40000, 1.21713e-05
32.60000, -2.04309e-05
32.80000, 2.29930e-05
33.00000, -1.47942e-05
33.20000, -3.70889e-06
33.40000, 2.56357e-05
33.60000, -4.20765e-05
33.80000, 4.83720e-05
34.00000, -4.72620e-05
34.20000, 4.67620e-05
34.40000, -5.46682e-05
34.60000, 7.29158e-05
34.80000, -9.40748e-05
35.00000, 1.02422e-04
35.20000, -8.21839e-05
35.40000, 3.01704e-05
35.60000, 3.79873e-05
35.80000, -9.63647e-05
36.00000, 1.25588e-04
36.20000, -1.22792e-04
36.40000, 9.85880e-05
36.60000, -6.81531e-05
36.80000, 4.44534e-05
37.00000, -3.42010e-05
37.20000, 3.48298e-05
37.40000, -3.49986e-05
37.60000, 2.25196e-05
37.80000, 3.90675e-06
38.00000, -3.13468e-05
38.20000, 4.46372e-05
38.40000, -4.23160e-05
38.60000, 3.71768e-05
38.80000, -4.01067e-05
39.00000, 4.76730e-05
39.20000, -4.82860e-05
39.40000, 3.68686e-05
39.60000, -1.94429e-05
39.80000, 5.22629e-06
40.00000, 1.66262e-06
40.20000, -2.87722e-06
40.40000, 1.81982e-06
40.60000, -6.70333e-07
40.80000, 1.42191e-07
41.00000, -5.50732e-07
41.20000, 2.76062e-06
41.40000, -8.15164e-06
41.60000, 1.68492e-05
41.80000, -2.47791e-05
42.00000, 2.32059e-05
42.20000, -4.76648e-06
42.40000, -2.72994e-05
42.60000, 5.81941e-05
42.80000, -7.44177e-05
43.00000, 7.82549e-05
43.20000, -8.69618e-05
43.40000, 1.17542e-04
43.60000, -1.73122e-04
43.80000, 2.39604e-04
44.00000, -2.89297e-04
44.20000, 2.91344e-04
44.40000, -2.32468e-04
44.60000, 1.37862e-04
44.80000, -6.88407e-05
45.00000, 8.85635e-05
45.20000, -2.18724e-04
45.40000, 4.20963e-04
45.60000, -6.15585e-04
45.80000, 7.23266e-04
46.00000, -7.05142e-04
46.20000, 5.79699e-04
46.40000, -4.06361e-04
46.60000, 2.47162e-04
46.80000, -1.35260e-04
47.00000, 7.08830e-05
47.20000, -3.83405e-05
47.40000, 2.30305e-05
47.60000, -1.67743e-05
47.80000, 1.54022e-05
48.00000, -1.63721e-05
48.20000, 1.85525e-05
48.40000, -2.19491e-05
48.60000, 2.61595e-05
48.80000, -2.90739e-05
49.00000, 2.74622e-05
49.20000, -1.86525e-05
49.40000, 1.13807e-06
49.60000, 2.62920e-05
49.80000, -6.48633e-05
50.00000, 1.13902e-04
50.20000, -1.67890e-04
50.40000, 2.15515e-04
50.60000, -2.42560e-04
50.80000, 2.37897e-04
51.00000, -1.99679e-04
51.20000, 1.37989e-04
51.40000, -7.11551e-05
51.60000, 1.68677e-05
51.80000, 1.63918e-05
52.00000, -3.18632e-05
52.20000, 4.01654e-05
52.40000, -5.21850e-05
52.60000, 7.33862e-05
52.80000, -1.00982e-04
53.00000, 1.24288e-04
53.20000, -1.29272e-04
53.40000, 1.07178e-04
53.60000, -6.26431e-05
53.80000, 1.36303e-05
54.00000, 1.96261e-05
54.20000, -2.84109e-05
54.40000, 1.94310e-05
54.60000, -6.18629e-06
54.80000, -2.12834e-06
55.00000, 4.22326e-06
55.20000, -3.08539e-06
55.40000, 1.51214e-06
55.60000, -5.71797e-07
55.80000, 2.19681e-07
56.00000, -1.56068e-07
56.20000, 1.76171e-07
56.40000, -1.87245e-07
56.60000, 1.61748e-07
56.80000, -1.09360e-07
57.00000, 5.55187e-08
57.20000, -1.96978e-08
57.40000, 4.87087e-09
57.60000, -2.63276e-09
57.80000, 3.96645e-09
58.00000, -4.86429e-09
58.20000, 5.26431e-09
58.40000, -5.86430e-09
58.60000, 6.54776e-09
58.80000, -6.73251e-09
59.00000, 6.14378e-09
59.20000, -4.99813e-09
59.40000, 3.69978e-09
59.60000, -2.55304e-09
59.80000, 1.72933e-09
60.00000, -1.36996e-09
60.20000, 1.59755e-09
60.40000, -2.38420e-09
60.60000, 3.45686e-09
60.80000, -4.41034e-09
61.00000, 4.95145e-09
61.20000, -5.04354e-09
61.40000, 4.84408e-09
61.60000, -4.53321e-09
61.80000, 4.18344e-09
62.00000, -3.74325e-09
62.20000, 3.12409e-09
62.40000, -2.32011e-09
62.60000, 1.46194e-09
62.80000, -7.56086e-10
63.00000, 3.62199e-10
63.20000, -3.04571e-10
63.40000, 4.67149e-10
63.60000, -6.54725e-10
63.80000, 6.83387e-10
64.00000, -4.71969e-10
64.20000, 9.62492e-11
64.40000, 2.45984e-10
64.60000, -3.63597e-10
64.80000, 2.06078e-10
65.00000, 1.07136e-10
65.20000, -3.77534e-10
65.40000, 4.55836e-10
65.60000, -3.20903e-10
65.80000, 7.68314e-11
66.00000, 1.17483e-10
66.20000, -1.40144e-10
66.40000, -3.71831e-11
66.60000, 3.51382e-10
66.80000, -6.84831e-10
67.00000, 9.10589e-10
67.20000, -9.45381e-10
67.40000, 8.01439e-10
67.60000, -5.93673e-10
67.80000, 4.71542e-10
68.00000, -5.15235e-10
68.20000, 6.81403e-10
68.40000, -8.43204e-10
68.60000, 8.86326e-10
68.80000, -7.84163e-10
69.00000, 6.04819e-10
69.20000, -4.55558e-10
69.40000, 4.07798e-10
69.60000, -4.54018e-10
69.80000, 5.21498e-10
70.00000, -5.24836e-10
70.20000, 4.17497e-10
70.40000, -2.13640e-10
70.60000, -2.46803e-11
70.80000, 2.20616e-10
71.00000, -3.13880e-10
71.20000, 2.76802e-10
71.40000, -1.18218e-10
71.60000, -1.15042e-10
71.80000, 3.40870e-10
72.00000, -4.65184e-10
72.20000, 4.31163e-10
72.40000, -2.62767e-10
72.60000, 5.80562e-11
72.80000, 7.06884e-11
73.00000, -6.46880e-11
73.20000, -5.07417e-11
73.40000, 1.84318e-10
73.60000, -2.31823e-10
73.80000, 1.37289e-10
74.00000, 7.27764e-11
74.20000, -3.06757e-10
74.40000, 4.65611e-10
74.60000, -4.98494e-10
74.80000, 4.19756e-10
75.00000, -2.84930e-10
75.20000, 1.52430e-10
75.40000, -5.91509e-11
75.60000, 1.59232e-11
75.80000, -9.90569e-12
76.00000, 8.33981e-12
76.20000, 2.63617e-11
76.40000, -1.10307e-10
76.60000, 2.23839e-10
76.80000, -3.26004e-10
77.00000, 3.82462e-10
77.20000, -3.80153e-10
77.40000, 3.23745e-10
77.60000, -2.28457e-10
77.80000, 1.18420e-10
78.00000, -2.40669e-11
78.20000, -3.03692e-11
78.40000, 4.42055e-11
78.60000, -4.50984e-11
78.80000, 7.11898e-11
79.00000, -1.41861e-10
79.20000, 2.40623e-10
79.40000, -3.24835e-10
79.60000, 3.56103e-10
79.80000, -3.28575e-10
80.00000, 2.72876e-10
80.20000, -2.32178e-10
80.40000, 2.29710e-10
80.60000, -2.53840e-10
80.80000, 2.71770e-10
81.00000, -2.58947e-10
81.20000, 2.19146e-10
81.40000, -1.79773e-10
81.60000, 1.68980e-10
81.80000, -1.94997e-10
82.00000, 2.42769e-10
82.20000, -2.86316e-10
82.40000, 3.04523e-10
82.60000, -2.90698e-10
82.80000, 2.54068e-10
83.00000, -2.13706e-10
83.20000, 1.85706e-10
83.40000, -1.69995e-10
83.60000, 1.48962e-10
83.80000, -1.03029e-10
84.00000, 3.13984e-11
84.20000, 4.10322e-11
84.40000, -7.75545e-11
84.60000, 5.43129e-11
84.80000, 2.08758e-11
85.00000, -1.08808e-10
85.20000, 1.61202e-10
85.40000, -1.50989e-10
85.60000, 8.70999e-11
85.80000, -3.51045e-12
86.00000, -6.45031e-11
86.20000, 9.78970e-11
86.40000, -9.80233e-11
86.60000, 8.06187e-11
86.80000, -6.44582e-11
87.00000, 6.02349e-11
87.20000, -6.62193e-11
87.40000, 7.30873e-11
87.60000, -7.24244e-11
87.80000, 6.10968e-11
88.00000, -3.95555e-11
88.20000, 8.57222e-12
88.40000, 3.13697e-11
88.60000, -7.79919e-11
88.80000, 1.24795e-10
89.00000, -1.60563e-10
89.20000, 1.72693e-10
89.40000, -1.53976e-10
89.60000, 1.07919e-10
89.80000, -4.72603e-11
90.00000, -1.15828e-11
90.20000, 4.89856e-11
90.40000, -3.79922e-11
90.60000, -4.74462e-11
90.80000, 2.02911e-10
91.00000, -3.69903e-10
91.20000, 4.59676e-10
91.40000, -4.18957e-10
91.60000, 2.74615e-10
91.80000, -1.09771e-10
92.00000, -1.60239e-12
92.20000, 3.77172e-11
92.40000, -2.27012e-11
92.60000, -5.39217e-12
92.80000, 1.94658e-11
93.00000, -9.87205e-12
93.20000, -1.97617e-11
93.40000, 5.73451e-11
93.60000, -8.57763e-11
93.80000, 8.87999e-11
94.00000, -5.94454e-11
94.20000, 4.79077e-12
94.40000, 5.81196e-11
94.60000, -1.12049e-10
94.80000, 1.47028e-10
95.00000, -1.61342e-10
95.20000, 1.58594e-10
95.40000, -1.44888e-10
95.60000, 1.26770e-10
95.80000, -1.08732e-10
96.00000, 9.15105e-11
96.20000, -7.36108e-11
96.40000, 5.49043e-11
96.60000, -3.76601e-11
96.80000, 2.38286e-11
97.00000, -1.28980e-11
97.20000, 3.37005e-12
97.40000, 4.97099e-12
97.60000, -1.14015e-11
97.80000, 1.60581e-11
98.00000, -2.03121e-11
98.20000, 2.55574e-11
98.40000, -3.15601e-11
98.60000, 3.44334e-11
98.80000, -2.47025e-11
99.00000, -1.13618e-11
99.20000, 8.41377e-11
99.40000, -1.89743e-10
99.60000, 3.05054e-10
99.80000, -3.95121e-10
100.00000, 4.29178e-10
