# Frequency (THz), VDOS (THz^-1)
0.00000, 2.09811e-04
0.20000, -2.96200e-04
0.40000, 5.05108e-04
0.60000, -7.16172e-04
0.80000, 8.12594e-04
1.00000, -7.50229e-04
1.20000, 5.72086e-04
1.40000, -3.61986e-04
1.60000, 1.84425e-04
1.80000, -6.03825e-05
2.00000, -1.83076e-05
2.20000, 6.87893e-05
2.40000, -1.11927e-04
2.60000, 1.71581e-04
2.80000, -2.61564e-04
3.00000, 3.65792e-04
3.20000, -4.35927e-04
3.40000, 4.19437e-04
3.60000, -2.99504e-04
3.80000, 1.12330e-04
4.00000, 7.41973e-05
4.20000, -2.03218e-04
4.40000, 2.59765e-04
4.60000, -2.68881e-04
4.80000, 2.67043e-04
5.00000, -2.72204e-04
5.20000, 2.75634e-04
5.40000, -2.58258e-04
5.60000, 2.13145e-04
5.80000, -1.53016e-04
6.00000, 9.86418e-05
6.20000, -6.23322e-05
6.40000, 4.22226e-05
6.60000, -2.93161e-05
6.80000, 1.71276e-05
7.00000, -4.98105e-06
7.20000, -4.81378e-06
7.40000, 1.06447e-05
7.60000, -1.29734e-05
7.80000, 1.36231e-05
8.00000, -1.42972e-05
8.20000, 1.57464e-05
8.40000, -1.84567e-05
8.60000, 2.36802e-05
8.80000, -3.24827e-05
9.00000, 4.31707e-05
9.20000, -5.07301e-05
9.40000, 5.01450e-05
9.60000, -4.04422e-05
9.80000, 2.52755e-05
10.00000, -1.01191e-05
10.20000, -7.09720e-07
10.40000, 5.58991e-06
10.60000, -6.23628e-06
10.80000, 6.89330e-06
11.00000, -1.11115e-05
11.20000, 1.87240e-05
11.40000, -2.75317e-05
11.60000, 3.90974e-05
11.80000, -6.19482e-05
12.00000, 1.06948e-04
12.20000, -1.77209e-04
12.40000, 2.60685e-04
12.60000, -3.32461e-04
12.80000, 3.66320e-04
13.00000, -3.47585e-04
13.20000, 2.79164e-04
13.40000, -1.79953e-04
13.60000, 7.93200e-05
13.80000, -8.60749e-06
14.00000, -1.12053e-05
14.20000, -1.91930e-05
14.40000, 7.71299e-05
14.60000, -1.31949e-04
14.80000, 1.62757e-04
15.00000, -1.65198e-04
15.20000, 1.44774e-04
15.40000, -1.07742e-04
15.60000, 5.93157e-05
15.80000, -7.31883e-06
16.00000, -3.66081e-05
16.20000, 6.16793e-05
16.40000, -6.44501e-05
16.60000, 5.07835e-05
16.80000, -3.13636e-05
17.00000, 1.49518e-05
17.20000, -4.92703e-06
17.40000, 3.71786e-07
17.60000, 1.24992e-06
17.80000, -2.50728e-06
18.00000, 5.44796e-06
18.20000, -1.10096e-05
18.40000, 1.85648e-05
18.60000, -2.63660e-05
18.80000, 3.24956e-05
19.00000, -3.52847e-05
19.20000, 3.33822e-05
19.40000, -2.64490e-05
19.60000, 1.61165e-05
19.80000, -5.54713e-06
20.00000, -2.80635e-06
20.20000, 9.29549e-06
20.40000, -1.69274e-05
20.60000, 2.90459e-05
20.80000, -4.65984e-05
21.00000, 6.67038e-05
21.20000, -8.35536e-05
21.40000, 9.16252e-05
21.60000, -8.93407e-05
21.80000, 8.01475e-05
22.00000, -6.96793e-05
22.20000, 6.12693e-05
22.40000, -5.38653e-05
22.60000, 4.40060e-05
22.80000, -2.94589e-05
23.00000, 1.11379e-05
23.20000, 7.45287e-06
23.40000, -2.19869e-05
23.60000, 2.93271e-05
23.80000, -2.89138e-05
24.00000, 2.24242e-05
24.20000, -1.22544e-05
24.40000, 1.04746e-06
24.60000, 7.29035e-06
24.80000, -7.56038e-06
25.00000, -3.85349e-06
25.20000, 2.47731e-05
25.40000, -4.57928e-05
25.60000, 5.47720e-05
25.80000, -4.53432e-05
26.00000, 2.19990e-05
26.20000, 4.30359e-06
26.40000, -2.68433e-05
26.60000, 5.03761e-05
26.80000, -8.92973e-05
27.00000, 1.59093e-04
27.20000, -2.65292e-04
27.40000, 3.93401e-04
27.60000, -5.07243e-04
27.80000, 5.63855e-04
28.00000, -5.39535e-04
28.20000, 4.46163e-04
28.40000, -3.22599e-04
28.60000, 2.08970e-04
28.80000, -1.24879e-04
29.00000, 6.51525e-05
29.20000, -1.25606e-05
29.40000, -4.21533e-05
29.60000, 8.65432e-05
29.80000, -9.03023e-05
30.00000, 2.61536e-05
30.20000, 1.06685e-04
30.40000, -2.73410e-04
30.60000, 4.15668e-04
30.80000, -4.79422e-04
31.00000, 4.44354e-04
31.20000, -3.35398e-04
31.40000, 2.05314e-04
31.60000, -1.00689e-04
31.80000, 3.89364e-05
32.00000, -1.07213e-05
32.20000, -2.44206e-06
32.40000, 1.31813e-05
32.60000, -2.34551e-05
32.80000, 2.78845e-05
33.00000, -2.07985e-05
33.20000, 2.38624e-06
33.40000, 2.02008e-05
33.60000, -3.75319e-05
33.80000, 4.43872e-05
34.00000, -4.28154e-05
34.20000, 3.99004e-05
34.40000, -4.25816e-05
34.60000, 5.29927e-05
34.80000, -6.62299e-05
35.00000, 7.16327e-05
35.20000, -5.86332e-05
35.40000, 2.51495e-05
35.60000, 1.84598e-05
35.80000, -5.52376e-05
36.00000, 7.28872e-05
36.20000, -7.02304e-05
36.40000, 5.47341e-05
36.60000, -3.60896e-05
36.80000, 2.17080e-05
37.00000, -1.49435e-05
37.20000, 1.44497e-05
37.40000, -1.49263e-05
37.60000, 1.06473e-05
37.80000, -4.01710e-07
38.00000, -1.09511e-05
38.20000, 1.71305e-05
38.40000, -1.69216e-05
38.60000, 1.48963e-05
38.80000, -1.54816e-05
39.00000, 1.79654e-05
39.20000, -1.83094e-05
39.40000, 1.44479e-05
39.60000, -8.25130e-06
39.80000, 2.94138e-06
40.00000, -1.16036e-07
40.20000, -6.52110e-07
40.40000, 4.96940e-07
40.60000, -2.00642e-07
40.80000, 4.15277e-08
41.00000, -9.92663e-08
41.20000, 5.39215e-07
41.40000, -1.65084e-06
41.60000, 3.49939e-06
41.80000, -5.30507e-06
42.00000, 5.29083e-06
42.20000, -1.85591e-06
42.40000, -4.51121e-06
42.60000, 1.08850e-05
42.80000, -1.43603e-05
43.00000, 1.50092e-05
43.20000, -1.59111e-05
43.40000, 2.02775e-05
43.60000, -2.88311e-05
43.80000, 3.92903e-05
44.00000, -4.72141e-05
44.20000, 4.77372e-05
44.40000, -3.86698e-05
44.60000, 2.36086e-05
44.80000, -1.16116e-05
45.00000, 1.20954e-05
45.20000, -2.84140e-05
45.40000, 5.52112e-05
45.60000, -8.13100e-05
45.80000, 9.57634e-05
46.00000, -9.33440e-05
46.20000, 7.66138e-05
46.40000, -5.35430e-05
46.60000, 3.23805e-05
46.80000, -1.75297e-05
47.00000, 9.02800e-06
47.20000, -4.77587e-06
47.40000, 2.78864e-06
47.60000, -1.94339e-06
47.80000, 1.68485e-06
48.00000, -1.68724e-06
48.20000, 1.79329e-06
48.40000, -1.99414e-06
48.60000, 2.28203e-06
48.80000, -2.50394e-06
49.00000, 2.38816e-06
49.20000, -1.69216e-06
49.40000, 2.74310e-07
49.60000, 1.96563e-06
49.80000, -5.11362e-06
50.00000, 9.09317e-06
50.20000, -1.34373e-05
50.40000, 1.72265e-05
50.60000, -1.93368e-05
50.80000, 1.89185e-05
51.00000, -1.58687e-05
51.20000, 1.10090e-05
51.40000, -5.77750e-06
51.60000, 1.54106e-06
51.80000, 1.04701e-06
52.00000, -2.21895e-06
52.20000, 2.75282e-06
52.40000, -3.44347e-06
52.60000, 4.70464e-06
52.80000, -6.39813e-06
53.00000, 7.88006e-06
53.20000, -8.29546e-06
53.40000, 7.09879e-06
53.60000, -4.53137e-06
53.80000, 1.61922e-06
54.00000, 4.60247e-07
54.20000, -1.16923e-06
54.40000, 8.44712e-07
54.60000, -2.25402e-07
54.80000, -1.69806e-07
55.00000, 2.52808e-07
55.20000, -1.74409e-07
55.40000, 8.03551e-08
55.60000, -2.52271e-08
55.80000, 4.64033e-09
56.00000, -1.41047e-09
56.20000, 4.14879e-09
56.40000, -7.55294e-09
56.60000, 9.34747e-09
56.80000, -8.85929e-09
57.00000, 6.56667e-09
57.20000, -3.59549e-09
57.40000, 1.08765e-09
57.60000, 2.87394e-10
57.80000, -5.41357e-10
58.00000, 2.59128e-10
58.20000, -1.92679e-10
58.40000, 7.54479e-10
58.60000, -1.75249e-09
58.80000, 2.56150e-09
59.00000, -2.58450e-09
59.20000, 1.66112e-09
59.40000, -1.60315e-10
59.60000, -1.27322e-09
59.80000, 2.12366e-09
60.00000, -2.27531e-09
60.20000, 1.98791e-09
60.40000, -1.64661e-09
60.60000, 1.50190e-09
60.80000, -1.57277e-09
61.00000, 1.72766e-09
61.20000, -1.82975e-09
61.40000, 1.82608e-09
61.60000, -1.73905e-09
61.80000, 1.60326e-09
62.00000, -1.42423e-09
62.20000, 1.19812e-09
62.40000, -9.52077e-10
62.60000, 7.34958e-10
62.80000, -5.57830e-10
63.00000, 3.70725e-10
63.20000, -1.28692e-10
63.40000, -1.27862e-10
63.60000, 2.90250e-10
63.80000, -2.84008e-10
64.00000, 1.36424e-10
64.20000, 5.72507e-11
64.40000, -2.13980e-10
64.60000, 3.06819e-10
64.80000, -3.54454e-10
65.00000, 3.89065e-10
65.20000, -4.29396e-10
65.40000, 4.68288e-10
65.60000, -4.82648e-10
65.80000, 4.63983e-10
66.00000, -4.40978e-10
66.20000, 4.63387e-10
66.40000, -5.57428e-10
66.60000, 6.98381e-10
66.80000, -8.27972e-10
67.00000, 8.95748e-10
67.20000, -8.83783e-10
67.40000, 8.00484e-10
67.60000, -6.64481e-10
67.80000, 5.00908e-10
68.00000, -3.43854e-10
68.20000, 2.26268e-10
68.40000, -1.61438e-10
68.60000, 1.38969e-10
68.80000, -1.40409e-10
69.00000, 1.54344e-10
69.20000, -1.75556e-10
69.40000, 1.96025e-10
69.60000, -2.03187e-10
69.80000, 1.88048e-10
70.00000, -1.52703e-10
70.20000, 1.08919e-10
70.40000, -7.07254e-11
70.60000, 4.88936e-11
70.80000, -4.95154e-11
71.00000, 7.29623e-11
71.20000, -1.10985e-10
71.40000, 1.44995e-10
71.60000, -1.50261e-10
71.80000, 1.06642e-10
72.00000, -1.01259e-11
72.20000, -1.22411e-10
72.40000, 2.58433e-10
72.60000, -3.61950e-10
72.80000, 4.06881e-10
73.00000, -3.86278e-10
73.20000, 3.14020e-10
73.40000, -2.18616e-10
73.60000, 1.32303e-10
73.80000, -7.98399e-11
74.00000, 7.01641e-11
74.20000, -9.36006e-11
74.40000, 1.27030e-10
74.60000, -1.45614e-10
74.80000, 1.34313e-10
75.00000, -9.24241e-11
75.20000, 3.05804e-11
75.40000, 3.53751e-11
75.60000, -9.00885e-11
75.80000, 1.23496e-10
76.00000, -1.34284e-10
76.20000, 1.29869e-10
76.40000, -1.21669e-10
76.60000, 1.18398e-10
76.80000, -1.22235e-10
77.00000, 1.30170e-10
77.20000, -1.37944e-10
77.40000, 1.42289e-10
77.60000, -1.40442e-10
77.80000, 1.29981e-10
78.00000, -1.11049e-10
78.20000, 8.85545e-11
78.40000, -7.04315e-11
78.60000, 6.21751e-11
78.80000, -6.22549e-11
79.00000, 6.26941e-11
79.20000, -5.47173e-11
79.40000, 3.53631e-11
79.60000, -1.01767e-11
79.80000, -9.92412e-12
80.00000, 1.53129e-11
80.20000, -3.39472e-12
80.40000, -1.96950e-11
80.60000, 4.20741e-11
80.80000, -5.23444e-11
81.00000, 4.57012e-11
81.20000, -2.54954e-11
81.40000, -1.13968e-12
81.60000, 2.92262e-11
81.80000, -5.72744e-11
82.00000, 8.34056e-11
82.20000, -1.01995e-10
82.40000, 1.05897e-10
82.60000, -9.24554e-11
82.80000, 6.67644e-11
83.00000, -3.82420e-11
83.20000, 1.36038e-11
83.40000, 7.07752e-12
83.60000, -2.81737e-11
83.80000, 5.34532e-11
84.00000, -8.28393e-11
84.20000, 1.12138e-10
84.40000, -1.34549e-10
84.60000, 1.43598e-10
84.80000, -1.36646e-10
85.00000, 1.16051e-10
85.20000, -8.62173e-11
85.40000, 4.99841e-11
85.60000, -9.33106e-12
85.80000, -3.00691e-11
86.00000, 5.64947e-11
86.20000, -5.62550e-11
86.40000, 2.24214e-11
86.60000, 3.74060e-11
86.80000, -1.00214e-10
87.00000, 1.37109e-10
87.20000, -1.29910e-10
87.40000, 8.36985e-11
87.60000, -2.47880e-11
87.80000, -1.53674e-11
88.00000, 1.89440e-11
88.20000, 9.71874e-12
88.40000, -5.06351e-11
88.60000, 8.35494e-11
88.80000, -1.00003e-10
89.00000, 1.04007e-10
89.20000, -1.03437e-10
89.40000, 1.01298e-10
89.60000, -9.42418e-11
89.80000, 7.83835e-11
90.00000, -5.51679e-11
90.20000, 2.82863e-11
90.40000, 1.01361e-11
90.60000, -9.26883e-11
90.80000, 2.70892e-10
91.00000, -5.81880e-10
91.20000, 1.00179e-09
91.40000, -1.41985e-09
91.60000, 1.66889e-09
91.80000, -1.62083e-09
92.00000, 1.29351e-09
92.20000, -8.61907e-10
92.40000, 5.27674e-10
92.60000, -3.62636e-10
92.80000, 2.90259e-10
93.00000, -2.03405e-10
93.20000, 6.74979e-11
93.40000, 8.05046e-11
93.60000, -1.89661e-10
93.80000, 2.34912e-10
94.00000, -2.21316e-10
94.20000, 1.70527e-10
94.40000, -1.06114e-10
94.60000, 4.55677e-11
94.80000, 1.54468e-14
95.00000, -2.30151e-11
95.20000, 1.87130e-11
95.40000, 1.16703e-11
95.60000, -5.74904e-11
95.80000, 9.89874e-11
96.00000, -1.13395e-10
96.20000, 8.49507e-11
96.40000, -1.31364e-11
96.60000, -8.66315e-11
96.80000, 1.90896e-10
97.00000, -2.79287e-10
97.20000, 3.41012e-10
97.40000, -3.72436e-10
97.60000, 3.69480e-10
97.80000, -3.24255e-10
98.00000, 2.32230e-10
98.20000, -1.04460e-10
98.40000, -2.88097e-11
98.60000, 1.30706e-10
98.80000, -1.77915e-10
99.00000, 1.71773e-10
99.20000, -1.32378e-10
99.40000, 8.35048e-11
99.60000, -4.16627e-11
99.80000, 1.47061e-11
100.00000, -5.48616e-12
