# Time(ps) Norm. Int.(No Units) 
0.000000 1.000000 
0.005000 0.502611 
0.010000 -0.123100 
0.015000 -0.101061 
0.020000 0.130958 
0.025000 -0.002636 
0.030000 -0.086839 
0.035000 0.091085 
0.040000 0.140469 
0.045000 0.036865 
0.050000 0.013214 
0.055000 0.097533 
0.060000 0.037893 
0.065000 -0.012925 
0.070000 -0.020778 
0.075000 0.041139 
0.080000 0.060985 
0.085000 0.016266 
0.090000 -0.067440 
0.095000 -0.043884 
0.100000 0.096635 
0.105000 0.106205 
0.110000 0.038086 
0.115000 -0.029593 
0.120000 -0.052972 
0.125000 -0.108679 
0.130000 0.005661 
0.135000 0.124338 
0.140000 0.034101 
0.145000 -0.117625 
0.150000 -0.040311 
0.155000 0.106969 
0.160000 0.047837 
0.165000 -0.003004 
0.170000 0.009706 
0.175000 0.001212 
0.180000 -0.065616 
0.185000 0.018438 
0.190000 0.049095 
0.195000 -0.045065 
0.200000 -0.054568 
0.205000 0.100214 
0.210000 0.126770 
0.215000 -0.071939 
0.220000 -0.150859 
0.225000 -0.074843 
0.230000 0.016156 
0.235000 0.006808 
0.240000 0.061434 
0.245000 0.075109 
0.250000 0.014602 
0.255000 -0.039762 
0.260000 0.030045 
0.265000 0.090148 
0.270000 -0.018200 
0.275000 -0.120237 
0.280000 -0.087973 
0.285000 0.023248 
0.290000 -0.027417 
0.295000 -0.076746 
0.300000 -0.022921 
0.305000 0.086092 
0.310000 0.068408 
0.315000 0.002264 
0.320000 -0.031753 
0.325000 -0.059541 
0.330000 -0.042872 
0.335000 -0.017420 
0.340000 0.002281 
0.345000 -0.036950 
0.350000 0.010029 
0.355000 0.039692 
0.360000 0.012159 
0.365000 -0.036261 
0.370000 0.004654 
0.375000 0.029577 
0.380000 -0.027516 
0.385000 -0.042019 
0.390000 0.008251 
0.395000 0.082703 
0.400000 0.039824 
0.405000 -0.036125 
0.410000 -0.081301 
0.415000 0.016509 
0.420000 0.071345 
0.425000 -0.001972 
0.430000 -0.060724 
0.435000 0.023478 
0.440000 0.074608 
0.445000 -0.039690 
0.450000 -0.070680 
0.455000 -0.015796 
0.460000 -0.004874 
0.465000 -0.054090 
0.470000 0.027992 
0.475000 0.042909 
0.480000 -0.050420 
0.485000 -0.028016 
0.490000 0.121220 
0.495000 0.094277 
0.500000 -0.067231 
0.505000 -0.013369 
0.510000 0.089320 
0.515000 0.025075 
0.520000 -0.093239 
0.525000 -0.022167 
0.530000 0.012657 
0.535000 -0.037755 
0.540000 -0.027881 
0.545000 0.057881 
0.550000 0.065635 
0.555000 0.010372 
0.560000 0.017809 
0.565000 0.020072 
0.570000 0.032176 
0.575000 0.002703 
0.580000 -0.028879 
0.585000 -0.043275 
0.590000 0.046563 
0.595000 0.067687 
0.600000 -0.027347 
0.605000 -0.060181 
0.610000 0.013956 
0.615000 0.035700 
0.620000 -0.025601 
0.625000 0.017285 
0.630000 0.023529 
0.635000 -0.064644 
0.640000 -0.114189 
0.645000 0.005606 
0.650000 0.052977 
0.655000 -0.005856 
0.660000 -0.006261 
0.665000 0.044764 
0.670000 0.031649 
0.675000 -0.021800 
0.680000 -0.004493 
0.685000 -0.025947 
0.690000 -0.035973 
0.695000 -0.003813 
0.700000 0.047052 
0.705000 -0.004631 
0.710000 -0.049525 
0.715000 -0.033636 
0.720000 -0.008313 
0.725000 0.019120 
0.730000 0.038905 
0.735000 0.025728 
0.740000 -0.044392 
0.745000 -0.012537 
0.750000 0.053278 
0.755000 0.055069 
0.760000 -0.023022 
0.765000 -0.024196 
0.770000 0.011236 
0.775000 0.003866 
0.780000 -0.009835 
0.785000 -0.002153 
0.790000 0.003986 
0.795000 -0.035800 
0.800000 -0.015133 
0.805000 0.016519 
0.810000 0.020715 
0.815000 -0.032025 
0.820000 -0.025848 
0.825000 0.014870 
0.830000 0.021358 
0.835000 -0.013810 
0.840000 -0.032796 
0.845000 -0.002807 
0.850000 0.000498 
0.855000 0.011388 
0.860000 0.013416 
0.865000 0.022681 
0.870000 -0.016461 
0.875000 -0.025588 
0.880000 -0.003555 
0.885000 0.017579 
0.890000 -0.000301 
0.895000 -0.024430 
0.900000 -0.000022 
0.905000 0.021731 
0.910000 0.021931 
0.915000 -0.027569 
0.920000 -0.017270 
0.925000 0.032991 
0.930000 0.073950 
0.935000 0.036539 
0.940000 0.006693 
0.945000 0.001377 
0.950000 -0.032632 
0.955000 -0.051696 
0.960000 -0.003246 
0.965000 0.066616 
0.970000 0.025969 
0.975000 -0.007748 
0.980000 0.014083 
0.985000 0.041659 
0.990000 -0.003460 
0.995000 -0.020996 
1.000000 -0.012158 
1.005000 -0.023618 
1.010000 -0.003704 
1.015000 0.043424 
1.020000 0.036780 
1.025000 -0.041610 
1.030000 -0.019134 
1.035000 0.040029 
1.040000 0.033153 
1.045000 -0.022048 
1.050000 -0.002304 
1.055000 0.011916 
1.060000 -0.018904 
1.065000 -0.004599 
1.070000 0.038640 
1.075000 0.030942 
1.080000 -0.022818 
1.085000 -0.004142 
1.090000 0.013524 
1.095000 0.011338 
1.100000 0.003111 
1.105000 0.021281 
1.110000 0.007962 
1.115000 -0.007841 
1.120000 0.000442 
1.125000 -0.002462 
1.130000 0.001823 
1.135000 0.011509 
1.140000 0.019273 
1.145000 -0.015039 
1.150000 -0.006658 
1.155000 0.004517 
1.160000 -0.009236 
1.165000 -0.022835 
1.170000 0.018905 
1.175000 0.038761 
1.180000 0.000328 
1.185000 -0.005025 
1.190000 0.005652 
1.195000 -0.012149 
1.200000 -0.047190 
1.205000 -0.009682 
1.210000 0.007096 
1.215000 -0.011785 
1.220000 -0.015369 
1.225000 0.013168 
1.230000 -0.000623 
1.235000 -0.019807 
1.240000 0.020739 
1.245000 0.027136 
1.250000 -0.023399 
1.255000 -0.055170 
1.260000 -0.007010 
1.265000 0.000269 
1.270000 -0.013632 
1.275000 0.004608 
1.280000 0.033517 
1.285000 -0.001993 
1.290000 -0.034217 
1.295000 0.003734 
1.300000 0.023370 
1.305000 -0.008079 
1.310000 -0.039670 
1.315000 -0.003869 
1.320000 0.013843 
1.325000 0.006039 
1.330000 -0.010708 
1.335000 -0.000248 
1.340000 0.006993 
1.345000 0.004757 
1.350000 -0.001160 
1.355000 -0.018643 
1.360000 -0.023519 
1.365000 -0.023164 
1.370000 0.006259 
1.375000 0.022894 
1.380000 0.024955 
1.385000 -0.012095 
1.390000 -0.033108 
1.395000 -0.024450 
1.400000 -0.007613 
1.405000 -0.004242 
1.410000 0.004596 
1.415000 0.029667 
1.420000 0.006755 
1.425000 -0.026670 
1.430000 -0.022722 
1.435000 0.023802 
1.440000 0.012845 
1.445000 -0.016343 
1.450000 -0.005874 
1.455000 0.020648 
1.460000 -0.000000 
1.465000 -0.030310 
1.470000 -0.011461 
1.475000 0.003746 
1.480000 0.011087 
1.485000 0.017424 
1.490000 0.027001 
1.495000 -0.008257 
1.500000 -0.018031 
1.505000 0.009868 
1.510000 0.015876 
1.515000 -0.018903 
1.520000 -0.016480 
1.525000 0.025643 
1.530000 0.009554 
1.535000 -0.025174 
1.540000 -0.012755 
1.545000 0.031894 
1.550000 0.010997 
1.555000 -0.017696 
1.560000 -0.008806 
1.565000 0.009775 
1.570000 -0.009190 
1.575000 -0.026499 
1.580000 -0.006077 
1.585000 0.012353 
1.590000 0.014738 
1.595000 -0.005690 
1.600000 -0.006936 
1.605000 -0.002508 
1.610000 0.007859 
1.615000 -0.004431 
1.620000 -0.009485 
1.625000 -0.003425 
1.630000 -0.004436 
1.635000 -0.011320 
1.640000 -0.006606 
1.645000 0.008551 
1.650000 -0.008751 
1.655000 -0.010352 
1.660000 0.010854 
1.665000 0.022422 
1.670000 -0.012891 
1.675000 -0.017244 
1.680000 0.014956 
1.685000 0.015837 
1.690000 -0.016107 
1.695000 -0.014457 
1.700000 0.018020 
1.705000 0.000967 
1.710000 -0.022305 
1.715000 -0.008293 
1.720000 0.024474 
1.725000 0.007853 
1.730000 -0.013586 
1.735000 -0.012878 
1.740000 -0.004202 
1.745000 -0.000647 
1.750000 0.004254 
1.755000 0.006370 
1.760000 -0.010147 
1.765000 -0.003734 
1.770000 0.007490 
1.775000 0.003792 
1.780000 -0.020667 
1.785000 -0.012050 
1.790000 0.008305 
1.795000 0.010133 
1.800000 -0.001290 
1.805000 -0.004015 
1.810000 0.001699 
1.815000 -0.002782 
1.820000 0.000118 
1.825000 -0.005110 
1.830000 -0.002450 
1.835000 0.000950 
1.840000 0.007422 
1.845000 -0.005469 
1.850000 -0.007193 
1.855000 0.010598 
1.860000 0.013302 
1.865000 -0.005965 
1.870000 -0.013413 
1.875000 0.010428 
1.880000 0.010666 
1.885000 -0.003027 
1.890000 -0.010414 
1.895000 0.000586 
1.900000 -0.002115 
1.905000 -0.001740 
1.910000 0.004319 
1.915000 0.005743 
1.920000 0.007819 
1.925000 0.007707 
1.930000 -0.001856 
1.935000 -0.023271 
1.940000 -0.011352 
1.945000 0.004301 
1.950000 0.000962 
1.955000 -0.008142 
1.960000 0.013351 
1.965000 0.020196 
1.970000 -0.005485 
1.975000 -0.014420 
1.980000 0.002146 
1.985000 0.007525 
1.990000 -0.008968 
1.995000 -0.000578 
2.000000 0.006919 
2.005000 0.002860 
2.010000 -0.003445 
2.015000 0.004309 
2.020000 -0.002429 
2.025000 -0.008008 
2.030000 0.008017 
2.035000 0.013326 
2.040000 -0.005368 
2.045000 -0.018931 
2.050000 0.002626 
2.055000 0.013601 
2.060000 0.008066 
2.065000 -0.006392 
2.070000 -0.007841 
2.075000 -0.003068 
2.080000 0.005974 
2.085000 0.001509 
2.090000 -0.012695 
2.095000 -0.002818 
2.100000 0.013360 
2.105000 0.008302 
2.110000 -0.010539 
2.115000 0.006034 
2.120000 0.017029 
2.125000 -0.004819 
2.130000 -0.026301 
2.135000 -0.006147 
2.140000 0.011957 
2.145000 -0.001873 
2.150000 -0.008167 
2.155000 0.003922 
2.160000 0.012260 
2.165000 -0.000313 
2.170000 -0.001171 
2.175000 -0.000844 
2.180000 -0.003326 
2.185000 -0.009720 
2.190000 -0.004236 
2.195000 0.002089 
2.200000 0.000004 
2.205000 -0.003105 
2.210000 -0.000132 
2.215000 0.015351 
2.220000 0.015779 
2.225000 0.001858 
2.230000 -0.014817 
2.235000 -0.008150 
2.240000 -0.003744 
2.245000 -0.008216 
2.250000 -0.005975 
2.255000 0.010767 
2.260000 0.016836 
2.265000 0.001833 
2.270000 -0.002478 
2.275000 0.000117 
2.280000 -0.002631 
2.285000 -0.014250 
2.290000 -0.003550 
2.295000 0.008653 
2.300000 0.003306 
2.305000 -0.009282 
2.310000 -0.001358 
2.315000 0.010478 
2.320000 -0.000713 
2.325000 -0.010846 
2.330000 -0.004283 
2.335000 0.007196 
2.340000 -0.002115 
2.345000 -0.003393 
2.350000 0.004126 
2.355000 0.005025 
2.360000 -0.005884 
2.365000 -0.002266 
2.370000 0.008565 
2.375000 0.002667 
2.380000 -0.004676 
2.385000 -0.002772 
2.390000 0.000118 
2.395000 -0.010977 
2.400000 -0.006760 
2.405000 0.005915 
2.410000 0.009101 
2.415000 -0.002476 
2.420000 -0.003804 
2.425000 0.003372 
2.430000 0.001046 
2.435000 -0.009475 
2.440000 -0.017287 
2.445000 -0.003804 
2.450000 0.013020 
2.455000 0.014767 
2.460000 -0.004440 
2.465000 -0.005292 
2.470000 0.008932 
2.475000 0.008045 
2.480000 -0.008701 
2.485000 -0.007634 
2.490000 0.005768 
2.495000 -0.002215 
2.500000 -0.011235 
2.505000 -0.003752 
2.510000 0.007698 
2.515000 -0.000559 
2.520000 -0.003600 
2.525000 -0.000336 
2.530000 0.000619 
2.535000 -0.001015 
2.540000 -0.000914 
2.545000 -0.005515 
2.550000 -0.009163 
2.555000 0.002414 
2.560000 0.003075 
2.565000 -0.007901 
2.570000 -0.008177 
2.575000 0.008897 
2.580000 0.004399 
2.585000 -0.008472 
2.590000 -0.001466 
2.595000 0.007709 
2.600000 -0.004691 
2.605000 -0.012017 
2.610000 0.005765 
2.615000 0.009251 
2.620000 -0.004706 
2.625000 -0.009976 
2.630000 0.001222 
2.635000 -0.000671 
2.640000 -0.004164 
2.645000 0.002243 
2.650000 0.006418 
2.655000 -0.001211 
2.660000 -0.007259 
2.665000 -0.001967 
2.670000 0.000135 
2.675000 -0.000078 
2.680000 -0.002724 
2.685000 0.002701 
2.690000 0.006297 
2.695000 0.001416 
2.700000 -0.011797 
2.705000 -0.009901 
2.710000 0.004890 
2.715000 0.005148 
2.720000 -0.003774 
2.725000 0.000747 
2.730000 0.011172 
2.735000 -0.004062 
2.740000 -0.017047 
2.745000 -0.006123 
2.750000 0.006607 
2.755000 -0.003594 
2.760000 -0.005252 
2.765000 0.010094 
2.770000 0.009120 
2.775000 -0.007441 
2.780000 -0.008199 
2.785000 0.006357 
2.790000 0.000860 
2.795000 -0.009642 
2.800000 -0.003738 
2.805000 0.009188 
2.810000 0.001887 
2.815000 -0.008163 
2.820000 -0.002325 
2.825000 0.005548 
2.830000 -0.000327 
2.835000 -0.007561 
2.840000 0.002696 
2.845000 0.010015 
2.850000 0.002491 
2.855000 -0.008631 
2.860000 -0.002372 
2.865000 0.002849 
2.870000 -0.002763 
2.875000 -0.005635 
2.880000 0.003282 
2.885000 0.007000 
2.890000 -0.002121 
2.895000 -0.004471 
2.900000 -0.000741 
2.905000 -0.000301 
2.910000 -0.006223 
2.915000 -0.003017 
2.920000 0.002152 
2.925000 0.003549 
2.930000 0.000788 
2.935000 -0.001240 
2.940000 -0.002618 
2.945000 -0.002750 
2.950000 0.001629 
2.955000 0.002552 
2.960000 0.000851 
2.965000 -0.003110 
2.970000 -0.000720 
2.975000 0.001717 
2.980000 0.001401 
2.985000 -0.002682 
2.990000 -0.001404 
2.995000 0.003141 
3.000000 -0.000206 
3.005000 -0.005613 
3.010000 -0.002591 
3.015000 0.005093 
3.020000 -0.000270 
3.025000 -0.003608 
3.030000 0.003933 
3.035000 0.009026 
3.040000 -0.000754 
3.045000 -0.004749 
3.050000 0.001265 
3.055000 -0.001228 
3.060000 -0.006551 
3.065000 -0.000038 
3.070000 0.007749 
3.075000 -0.001485 
3.080000 -0.005453 
3.085000 0.002428 
3.090000 0.004115 
3.095000 -0.005657 
3.100000 -0.003291 
3.105000 0.006362 
3.110000 0.002657 
3.115000 -0.005694 
3.120000 -0.003519 
3.125000 0.002640 
3.130000 -0.001584 
3.135000 -0.003572 
3.140000 0.001183 
3.145000 0.007241 
3.150000 0.003994 
3.155000 -0.002677 
3.160000 -0.004669 
3.165000 -0.000695 
3.170000 -0.000051 
3.175000 -0.005560 
3.180000 -0.001802 
3.185000 0.007891 
3.190000 0.007036 
3.195000 -0.005236 
3.200000 -0.003581 
3.205000 0.005042 
3.210000 0.001755 
3.215000 -0.005442 
3.220000 0.000744 
3.225000 0.005570 
3.230000 -0.003116 
3.235000 -0.004534 
3.240000 0.003716 
3.245000 0.003660 
3.250000 -0.005041 
3.255000 -0.000041 
3.260000 0.007165 
3.265000 0.000993 
3.270000 -0.006954 
3.275000 -0.001182 
3.280000 0.004463 
3.285000 -0.001246 
3.290000 -0.003985 
3.295000 0.001524 
3.300000 0.006068 
3.305000 0.000569 
3.310000 -0.004172 
3.315000 -0.003053 
3.320000 0.001585 
3.325000 -0.000127 
3.330000 -0.004510 
3.335000 -0.001366 
3.340000 0.006510 
3.345000 0.006657 
3.350000 -0.001022 
3.355000 -0.001163 
3.360000 0.001502 
3.365000 -0.001530 
3.370000 -0.005929 
3.375000 -0.000272 
3.380000 0.003923 
3.385000 -0.000303 
3.390000 -0.002224 
3.395000 0.003313 
3.400000 0.004667 
3.405000 -0.002610 
3.410000 -0.003962 
3.415000 0.001223 
3.420000 0.003349 
3.425000 -0.002020 
3.430000 -0.002806 
3.435000 0.001360 
3.440000 0.002450 
3.445000 -0.001912 
3.450000 -0.002239 
3.455000 0.003727 
3.460000 0.004266 
3.465000 -0.001915 
3.470000 -0.005015 
3.475000 0.000392 
3.480000 0.001138 
3.485000 -0.003524 
3.490000 -0.003952 
3.495000 0.002567 
3.500000 0.004118 
3.505000 -0.000154 
3.510000 -0.000600 
3.515000 0.001743 
3.520000 0.000247 
3.525000 -0.004435 
3.530000 -0.002678 
3.535000 0.001503 
3.540000 0.002059 
3.545000 -0.001136 
3.550000 -0.000144 
3.555000 0.002213 
3.560000 0.000048 
3.565000 -0.003068 
3.570000 -0.000832 
3.575000 0.002598 
3.580000 -0.001086 
3.585000 -0.003057 
3.590000 0.001672 
3.595000 0.004695 
3.600000 -0.001200 
3.605000 -0.002519 
3.610000 0.003382 
3.615000 0.002841 
3.620000 -0.004786 
3.625000 -0.004127 
3.630000 0.003683 
3.635000 0.002214 
3.640000 -0.002995 
3.645000 -0.000202 
3.650000 0.005172 
3.655000 0.000677 
3.660000 -0.004199 
3.665000 -0.001530 
3.670000 0.001687 
3.675000 -0.000680 
3.680000 -0.002528 
3.685000 -0.000108 
3.690000 0.000613 
3.695000 -0.000892 
3.700000 -0.001727 
3.705000 0.001121 
3.710000 0.002725 
3.715000 0.001136 
3.720000 -0.002007 
3.725000 -0.001740 
3.730000 -0.000044 
3.735000 -0.000730 
3.740000 -0.001032 
3.745000 0.000809 
3.750000 0.001653 
3.755000 -0.000496 
3.760000 0.000897 
3.765000 0.002847 
3.770000 0.000414 
3.775000 -0.002687 
3.780000 -0.000098 
3.785000 0.000560 
3.790000 -0.003744 
3.795000 -0.002321 
3.800000 0.004246 
3.805000 0.003282 
3.810000 -0.003739 
3.815000 -0.001446 
3.820000 0.003892 
3.825000 -0.000075 
3.830000 -0.006168 
3.835000 -0.001460 
3.840000 0.004055 
3.845000 0.000488 
3.850000 -0.002615 
3.855000 0.000808 
3.860000 0.002007 
3.865000 -0.002950 
3.870000 -0.003400 
3.875000 0.001248 
3.880000 0.002966 
3.885000 -0.000517 
3.890000 -0.001608 
3.895000 -0.000033 
3.900000 -0.000236 
3.905000 -0.001428 
3.910000 0.000051 
3.915000 0.002424 
3.920000 0.000429 
3.925000 -0.002065 
3.930000 -0.000742 
3.935000 0.001699 
3.940000 -0.000824 
3.945000 -0.002727 
3.950000 0.000611 
3.955000 0.003050 
3.960000 -0.000200 
3.965000 -0.001634 
3.970000 0.002299 
3.975000 0.001693 
3.980000 -0.003763 
3.985000 -0.003444 
3.990000 0.003070 
3.995000 0.002457 
4.000000 -0.002993 
4.005000 -0.001528 
4.010000 0.003834 
4.015000 0.001516 
4.020000 -0.003399 
4.025000 -0.000423 
4.030000 0.003056 
4.035000 -0.000963 
4.040000 -0.004449 
4.045000 0.000609 
4.050000 0.003385 
4.055000 -0.001447 
4.060000 -0.003359 
4.065000 0.002509 
4.070000 0.004029 
4.075000 -0.002196 
4.080000 -0.003631 
4.085000 0.001717 
4.090000 0.002324 
4.095000 -0.003254 
4.100000 -0.002512 
4.105000 0.003362 
4.110000 0.003178 
4.115000 -0.002491 
4.120000 -0.002290 
4.125000 0.002303 
4.130000 0.001973 
4.135000 -0.001539 
4.140000 -0.001094 
4.145000 0.001546 
4.150000 0.000238 
4.155000 -0.001653 
4.160000 -0.000494 
4.165000 0.001140 
4.170000 -0.000150 
4.175000 -0.000605 
4.180000 0.001055 
4.185000 0.000824 
4.190000 -0.001673 
4.195000 -0.001455 
4.200000 0.001695 
4.205000 0.001169 
4.210000 -0.001984 
4.215000 -0.001277 
4.220000 0.002605 
4.225000 0.001256 
4.230000 -0.003247 
4.235000 -0.002373 
4.240000 0.002200 
4.245000 0.001711 
4.250000 -0.002115 
4.255000 -0.001185 
4.260000 0.001790 
4.265000 0.000664 
4.270000 -0.002065 
4.275000 -0.000624 
4.280000 0.001375 
4.285000 0.000199 
4.290000 -0.001450 
4.295000 -0.000552 
4.300000 0.000595 
4.305000 0.000100 
4.310000 -0.000484 
4.315000 -0.000455 
4.320000 0.000241 
4.325000 0.000686 
4.330000 0.000520 
4.335000 -0.000473 
4.340000 -0.000669 
4.345000 -0.000416 
4.350000 -0.000679 
4.355000 -0.000629 
4.360000 0.000625 
4.365000 0.001237 
4.370000 -0.000206 
4.375000 -0.000878 
4.380000 0.000120 
4.385000 0.000564 
4.390000 -0.000801 
4.395000 -0.001132 
4.400000 0.000085 
4.405000 0.000752 
4.410000 0.000059 
4.415000 -0.000439 
4.420000 -0.000134 
4.425000 -0.000221 
4.430000 -0.000580 
4.435000 -0.000466 
4.440000 0.000544 
4.445000 0.000796 
4.450000 -0.000062 
4.455000 -0.000782 
4.460000 -0.000178 
4.465000 0.000231 
4.470000 -0.000520 
4.475000 -0.000686 
4.480000 0.000372 
4.485000 0.000838 
4.490000 -0.000077 
4.495000 -0.000100 
4.500000 0.000436 
4.505000 -0.000230 
4.510000 -0.001289 
4.515000 -0.000365 
4.520000 0.000862 
4.525000 0.000235 
4.530000 -0.000386 
4.535000 0.000384 
4.540000 0.000402 
4.545000 -0.001114 
4.550000 -0.000921 
4.555000 0.000836 
4.560000 0.000836 
4.565000 -0.000905 
4.570000 -0.000739 
4.575000 0.000707 
4.580000 0.000224 
4.585000 -0.001195 
4.590000 -0.000580 
4.595000 0.000942 
4.600000 0.000377 
4.605000 -0.000878 
4.610000 -0.000493 
4.615000 0.000571 
4.620000 0.000028 
4.625000 -0.000925 
4.630000 -0.000442 
4.635000 0.000649 
4.640000 0.000528 
4.645000 -0.000355 
4.650000 -0.000433 
4.655000 -0.000103 
4.660000 -0.000276 
4.665000 -0.000605 
4.670000 -0.000071 
4.675000 0.000382 
4.680000 -0.000061 
4.685000 -0.000453 
4.690000 0.000207 
4.695000 0.000655 
4.700000 -0.000153 
4.705000 -0.000795 
4.710000 -0.000288 
4.715000 0.000234 
4.720000 -0.000185 
4.725000 -0.000307 
4.730000 0.000232 
4.735000 0.000344 
4.740000 -0.000309 
4.745000 -0.000501 
4.750000 0.000015 
4.755000 0.000248 
4.760000 -0.000060 
4.765000 -0.000324 
4.770000 -0.000178 
4.775000 -0.000026 
4.780000 -0.000036 
4.785000 -0.000198 
4.790000 -0.000171 
4.795000 0.000025 
4.800000 0.000122 
4.805000 -0.000020 
4.810000 -0.000132 
4.815000 -0.000154 
4.820000 -0.000323 
4.825000 -0.000342 
4.830000 0.000004 
4.835000 0.000269 
4.840000 -0.000020 
4.845000 -0.000203 
4.850000 0.000067 
4.855000 0.000135 
4.860000 -0.000271 
4.865000 -0.000300 
4.870000 0.000226 
4.875000 0.000292 
4.880000 -0.000230 
4.885000 -0.000359 
4.890000 0.000113 
4.895000 0.000212 
4.900000 -0.000163 
4.905000 -0.000235 
4.910000 0.000097 
4.915000 0.000122 
4.920000 -0.000187 
4.925000 -0.000223 
4.930000 0.000040 
4.935000 0.000122 
4.940000 -0.000036 
4.945000 -0.000056 
4.950000 0.000054 
4.955000 0.000042 
4.960000 -0.000085 
4.965000 -0.000093 
4.970000 -0.000006 
4.975000 0.000017 
4.980000 -0.000012 
4.985000 -0.000006 
4.990000 0.000010 
4.995000 -0.000001 
