# Time(ps) Norm. Int.(No Units) 
0.000000 1.000000 
0.005000 0.682429 
0.010000 0.169984 
0.015000 0.005761 
0.020000 0.027802 
0.025000 -0.059380 
0.030000 -0.090227 
0.035000 0.059941 
0.040000 0.130634 
0.045000 0.011693 
0.050000 -0.047761 
0.055000 0.035429 
0.060000 0.053611 
0.065000 -0.017203 
0.070000 0.015915 
0.075000 0.125443 
0.080000 0.088908 
0.085000 -0.070216 
0.090000 -0.111773 
0.095000 -0.007061 
0.100000 0.057716 
0.105000 0.046448 
0.110000 0.065299 
0.115000 0.072803 
0.120000 -0.021094 
0.125000 -0.091406 
0.130000 0.000367 
0.135000 0.109764 
0.140000 0.067495 
0.145000 -0.012147 
0.150000 0.009683 
0.155000 0.035173 
0.160000 -0.017164 
0.165000 -0.043638 
0.170000 -0.009287 
0.175000 -0.009008 
0.180000 -0.027242 
0.185000 0.016048 
0.190000 0.042110 
0.195000 -0.029360 
0.200000 -0.073748 
0.205000 -0.002402 
0.210000 0.033211 
0.215000 -0.070932 
0.220000 -0.160363 
0.225000 -0.103500 
0.230000 0.000288 
0.235000 0.039617 
0.240000 0.059674 
0.245000 0.105050 
0.250000 0.127585 
0.255000 0.105404 
0.260000 0.070201 
0.265000 0.010364 
0.270000 -0.088909 
0.275000 -0.154841 
0.280000 -0.129425 
0.285000 -0.077419 
0.290000 -0.063460 
0.295000 -0.040775 
0.300000 0.019334 
0.305000 0.048274 
0.310000 0.016624 
0.315000 -0.016626 
0.320000 -0.034414 
0.325000 -0.062896 
0.330000 -0.066126 
0.335000 -0.017738 
0.340000 0.008690 
0.345000 -0.023071 
0.350000 -0.024992 
0.355000 0.033820 
0.360000 0.057961 
0.365000 0.022744 
0.370000 0.016700 
0.375000 0.038657 
0.380000 0.000971 
0.385000 -0.057864 
0.390000 -0.021841 
0.395000 0.059943 
0.400000 0.038654 
0.405000 -0.051974 
0.410000 -0.048968 
0.415000 0.038630 
0.420000 0.053632 
0.425000 -0.007039 
0.430000 -0.005514 
0.435000 0.049946 
0.440000 0.028935 
0.445000 -0.048881 
0.450000 -0.063390 
0.455000 -0.040445 
0.460000 -0.058812 
0.465000 -0.054656 
0.470000 0.019483 
0.475000 0.048529 
0.480000 -0.004333 
0.485000 0.003394 
0.490000 0.093250 
0.495000 0.106077 
0.500000 0.033758 
0.505000 0.031343 
0.510000 0.081042 
0.515000 0.032825 
0.520000 -0.074417 
0.525000 -0.087951 
0.530000 -0.033874 
0.535000 -0.025208 
0.540000 -0.029037 
0.545000 0.028096 
0.550000 0.082771 
0.555000 0.058647 
0.560000 0.015383 
0.565000 0.025689 
0.570000 0.041271 
0.575000 0.001667 
0.580000 -0.035840 
0.585000 -0.002731 
0.590000 0.042870 
0.595000 0.018614 
0.600000 -0.023972 
0.605000 0.000455 
0.610000 0.045377 
0.615000 0.031854 
0.620000 0.001119 
0.625000 0.004586 
0.630000 -0.016814 
0.635000 -0.087501 
0.640000 -0.107856 
0.645000 -0.035435 
0.650000 0.027646 
0.655000 0.020241 
0.660000 0.004864 
0.665000 0.019881 
0.670000 0.022607 
0.675000 -0.002937 
0.680000 -0.017151 
0.685000 -0.002392 
0.690000 0.017271 
0.695000 0.014280 
0.700000 -0.016072 
0.705000 -0.052853 
0.710000 -0.068885 
0.715000 -0.056786 
0.720000 -0.018088 
0.725000 0.040882 
0.730000 0.078960 
0.735000 0.052176 
0.740000 -0.005000 
0.745000 -0.017279 
0.750000 0.009172 
0.755000 0.013402 
0.760000 0.000207 
0.765000 0.012528 
0.770000 0.024193 
0.775000 -0.010134 
0.780000 -0.053313 
0.785000 -0.048843 
0.790000 -0.019601 
0.795000 -0.007785 
0.800000 0.004570 
0.805000 0.028947 
0.810000 0.021056 
0.815000 -0.028092 
0.820000 -0.049703 
0.825000 -0.015768 
0.830000 0.010321 
0.835000 -0.003978 
0.840000 -0.007395 
0.845000 0.018058 
0.850000 0.017993 
0.855000 -0.014700 
0.860000 -0.018642 
0.865000 0.012975 
0.870000 0.019872 
0.875000 -0.004195 
0.880000 -0.012318 
0.885000 -0.010591 
0.890000 -0.034968 
0.895000 -0.052070 
0.900000 -0.012037 
0.905000 0.040298 
0.910000 0.032711 
0.915000 -0.004423 
0.920000 0.006479 
0.925000 0.051433 
0.930000 0.061708 
0.935000 0.037371 
0.940000 0.022706 
0.945000 0.009312 
0.950000 -0.025333 
0.955000 -0.043337 
0.960000 -0.013325 
0.965000 0.019614 
0.970000 0.017749 
0.975000 0.018003 
0.980000 0.041795 
0.985000 0.045100 
0.990000 0.009576 
0.995000 -0.021732 
1.000000 -0.026107 
1.005000 -0.017989 
1.010000 0.000516 
1.015000 0.020856 
1.020000 0.011625 
1.025000 -0.016994 
1.030000 -0.011582 
1.035000 0.025721 
1.040000 0.038510 
1.045000 0.017235 
1.050000 -0.000963 
1.055000 -0.009457 
1.060000 -0.017143 
1.065000 -0.007607 
1.070000 0.019478 
1.075000 0.031192 
1.080000 0.021356 
1.085000 0.017123 
1.090000 0.018358 
1.095000 0.005888 
1.100000 -0.007649 
1.105000 0.000956 
1.110000 0.017807 
1.115000 0.018437 
1.120000 0.009403 
1.125000 0.005991 
1.130000 0.000124 
1.135000 -0.017401 
1.140000 -0.027939 
1.145000 -0.013259 
1.150000 0.008645 
1.155000 0.010746 
1.160000 0.003310 
1.165000 0.007825 
1.170000 0.012985 
1.175000 0.006179 
1.180000 0.008819 
1.185000 0.025622 
1.190000 0.018405 
1.195000 -0.018426 
1.200000 -0.038415 
1.205000 -0.032527 
1.210000 -0.038143 
1.215000 -0.044841 
1.220000 -0.012960 
1.225000 0.028696 
1.230000 0.027612 
1.235000 0.008556 
1.240000 0.010975 
1.245000 0.001463 
1.250000 -0.042142 
1.255000 -0.061656 
1.260000 -0.024519 
1.265000 0.012513 
1.270000 0.011992 
1.275000 0.006196 
1.280000 0.007635 
1.285000 -0.008566 
1.290000 -0.024681 
1.295000 -0.002831 
1.300000 0.027817 
1.305000 0.015575 
1.310000 -0.017572 
1.315000 -0.020835 
1.320000 -0.007747 
1.325000 -0.013879 
1.330000 -0.020126 
1.335000 0.002759 
1.340000 0.027680 
1.345000 0.019167 
1.350000 -0.006550 
1.355000 -0.021605 
1.360000 -0.030184 
1.365000 -0.033425 
1.370000 -0.011459 
1.375000 0.025461 
1.380000 0.032455 
1.385000 -0.000061 
1.390000 -0.031264 
1.395000 -0.037836 
1.400000 -0.032394 
1.405000 -0.016749 
1.410000 0.014794 
1.415000 0.035867 
1.420000 0.020504 
1.425000 -0.004277 
1.430000 -0.003737 
1.435000 0.004231 
1.440000 -0.006460 
1.445000 -0.014684 
1.450000 -0.001033 
1.455000 0.008561 
1.460000 -0.003861 
1.465000 -0.014949 
1.470000 -0.011413 
1.475000 -0.006877 
1.480000 0.001907 
1.485000 0.023865 
1.490000 0.034448 
1.495000 0.014864 
1.500000 -0.005179 
1.505000 -0.004224 
1.510000 -0.006416 
1.515000 -0.017840 
1.520000 -0.007084 
1.525000 0.019518 
1.530000 0.018513 
1.535000 -0.002368 
1.540000 0.000913 
1.545000 0.016530 
1.550000 0.002917 
1.555000 -0.020275 
1.560000 -0.011479 
1.565000 0.006627 
1.570000 -0.005575 
1.575000 -0.023756 
1.580000 -0.011674 
1.585000 0.005953 
1.590000 -0.002054 
1.595000 -0.009971 
1.600000 0.008411 
1.605000 0.022617 
1.610000 0.005352 
1.615000 -0.014417 
1.620000 -0.009665 
1.625000 -0.004375 
1.630000 -0.016368 
1.635000 -0.018274 
1.640000 0.001191 
1.645000 0.008009 
1.650000 -0.007722 
1.655000 -0.008777 
1.660000 0.011987 
1.665000 0.015892 
1.670000 -0.001517 
1.675000 -0.002410 
1.680000 0.012337 
1.685000 0.006832 
1.690000 -0.011558 
1.695000 -0.008258 
1.700000 0.004485 
1.705000 -0.004655 
1.710000 -0.017895 
1.715000 -0.006754 
1.720000 0.007974 
1.725000 0.000222 
1.730000 -0.009302 
1.735000 0.000609 
1.740000 0.010648 
1.745000 0.003994 
1.750000 -0.004500 
1.755000 -0.005082 
1.760000 -0.007661 
1.765000 -0.010407 
1.770000 -0.001546 
1.775000 0.010007 
1.780000 0.005573 
1.785000 -0.008430 
1.790000 -0.011301 
1.795000 -0.002177 
1.800000 0.003335 
1.805000 0.001280 
1.810000 0.001095 
1.815000 0.004232 
1.820000 0.000717 
1.825000 -0.011369 
1.830000 -0.017708 
1.835000 -0.008739 
1.840000 0.005350 
1.845000 0.011810 
1.850000 0.013781 
1.855000 0.015845 
1.860000 0.010165 
1.865000 -0.004923 
1.870000 -0.012821 
1.875000 -0.003894 
1.880000 0.007048 
1.885000 0.005352 
1.890000 -0.002672 
1.895000 -0.005397 
1.900000 -0.003862 
1.905000 -0.002126 
1.910000 0.003503 
1.915000 0.014578 
1.920000 0.019498 
1.925000 0.006207 
1.930000 -0.016400 
1.935000 -0.026280 
1.940000 -0.018825 
1.945000 -0.009291 
1.950000 -0.001638 
1.955000 0.012864 
1.960000 0.024567 
1.965000 0.013534 
1.970000 -0.008942 
1.975000 -0.013331 
1.980000 -0.001939 
1.985000 0.001865 
1.990000 -0.000043 
1.995000 0.006864 
2.000000 0.012280 
2.005000 0.002032 
2.010000 -0.010921 
2.015000 -0.010294 
2.020000 -0.001939 
2.025000 0.005879 
2.030000 0.013701 
2.035000 0.014330 
2.040000 -0.000434 
2.045000 -0.016953 
2.050000 -0.014772 
2.055000 0.000618 
2.060000 0.007553 
2.065000 0.002005 
2.070000 -0.001357 
2.075000 0.002102 
2.080000 0.000245 
2.085000 -0.010674 
2.090000 -0.014452 
2.095000 -0.001330 
2.100000 0.013477 
2.105000 0.015898 
2.110000 0.014297 
2.115000 0.014606 
2.120000 0.003622 
2.125000 -0.018570 
2.130000 -0.026209 
2.135000 -0.010610 
2.140000 0.003246 
2.145000 0.001546 
2.150000 0.000457 
2.155000 0.007283 
2.160000 0.007438 
2.165000 -0.001328 
2.170000 -0.003471 
2.175000 0.000598 
2.180000 -0.004466 
2.185000 -0.014738 
2.190000 -0.011503 
2.195000 0.001133 
2.200000 0.002223 
2.205000 -0.004144 
2.210000 0.005396 
2.215000 0.025049 
2.220000 0.022912 
2.225000 -0.002029 
2.230000 -0.015780 
2.235000 -0.008343 
2.240000 -0.004811 
2.245000 -0.010683 
2.250000 -0.003860 
2.255000 0.013688 
2.260000 0.014862 
2.265000 0.000783 
2.270000 -0.002396 
2.275000 0.003779 
2.280000 -0.002066 
2.285000 -0.012487 
2.290000 -0.006336 
2.295000 0.004423 
2.300000 -0.001911 
2.305000 -0.011068 
2.310000 -0.001915 
2.315000 0.008603 
2.320000 -0.000609 
2.325000 -0.011372 
2.330000 -0.003194 
2.335000 0.006752 
2.340000 0.001697 
2.345000 -0.001088 
2.350000 0.008894 
2.355000 0.010757 
2.360000 -0.002919 
2.365000 -0.008104 
2.370000 0.002305 
2.375000 0.005416 
2.380000 -0.004246 
2.385000 -0.007084 
2.390000 -0.001325 
2.395000 -0.003497 
2.400000 -0.009799 
2.405000 -0.003939 
2.410000 0.007265 
2.415000 0.006582 
2.420000 -0.000163 
2.425000 0.000304 
2.430000 -0.000875 
2.435000 -0.014520 
2.440000 -0.023812 
2.445000 -0.009256 
2.450000 0.014093 
2.455000 0.019088 
2.460000 0.009586 
2.465000 0.006877 
2.470000 0.008897 
2.475000 0.000668 
2.480000 -0.010715 
2.485000 -0.008883 
2.490000 -0.000473 
2.495000 -0.000656 
2.500000 -0.004502 
2.505000 -0.001905 
2.510000 0.000666 
2.515000 -0.003816 
2.520000 -0.006788 
2.525000 -0.001129 
2.530000 0.005766 
2.535000 0.004933 
2.540000 -0.002289 
2.545000 -0.008632 
2.550000 -0.009670 
2.555000 -0.008047 
2.560000 -0.007829 
2.565000 -0.005268 
2.570000 0.003262 
2.575000 0.008722 
2.580000 0.003299 
2.585000 -0.002515 
2.590000 0.000162 
2.595000 0.000634 
2.600000 -0.006085 
2.605000 -0.004508 
2.610000 0.008269 
2.615000 0.010644 
2.620000 -0.003140 
2.625000 -0.011358 
2.630000 -0.005779 
2.635000 -0.002353 
2.640000 -0.004581 
2.645000 0.000613 
2.650000 0.009636 
2.655000 0.005507 
2.660000 -0.007503 
2.665000 -0.009890 
2.670000 -0.002583 
2.675000 -0.001270 
2.680000 -0.003317 
2.685000 0.004058 
2.690000 0.011452 
2.695000 0.001887 
2.700000 -0.012837 
2.705000 -0.010288 
2.710000 0.001402 
2.715000 0.002397 
2.720000 0.000842 
2.725000 0.009639 
2.730000 0.011826 
2.735000 -0.005960 
2.740000 -0.020100 
2.745000 -0.012257 
2.750000 -0.002128 
2.755000 -0.003673 
2.760000 0.000577 
2.765000 0.013978 
2.770000 0.012097 
2.775000 -0.005866 
2.780000 -0.011053 
2.785000 -0.000209 
2.790000 0.001645 
2.795000 -0.005937 
2.800000 -0.001859 
2.805000 0.008247 
2.810000 0.002341 
2.815000 -0.011171 
2.820000 -0.008623 
2.825000 0.003498 
2.830000 0.004687 
2.835000 0.001121 
2.840000 0.007418 
2.845000 0.011957 
2.850000 0.000536 
2.855000 -0.011827 
2.860000 -0.007931 
2.865000 0.000676 
2.870000 -0.000114 
2.875000 -0.001339 
2.880000 0.004276 
2.885000 0.005016 
2.890000 -0.003461 
2.895000 -0.007310 
2.900000 -0.002136 
2.905000 0.000252 
2.910000 -0.002852 
2.915000 -0.002193 
2.920000 0.001835 
2.925000 0.000937 
2.930000 -0.003233 
2.935000 -0.003349 
2.940000 -0.000388 
2.945000 0.001404 
2.950000 0.002900 
2.955000 0.004026 
2.960000 0.001449 
2.965000 -0.002834 
2.970000 -0.002698 
2.975000 0.000638 
2.980000 0.001028 
2.985000 -0.000734 
2.990000 -0.000062 
2.995000 0.000652 
3.000000 -0.002262 
3.005000 -0.004196 
3.010000 -0.001299 
3.015000 0.001018 
3.020000 -0.000069 
3.025000 0.001660 
3.030000 0.006454 
3.035000 0.005742 
3.040000 0.000046 
3.045000 -0.001653 
3.050000 -0.001033 
3.055000 -0.004725 
3.060000 -0.006308 
3.065000 0.000601 
3.070000 0.005330 
3.075000 0.000210 
3.080000 -0.003182 
3.085000 0.001501 
3.090000 0.002463 
3.095000 -0.003454 
3.100000 -0.003033 
3.105000 0.004306 
3.110000 0.003906 
3.115000 -0.004075 
3.120000 -0.005602 
3.125000 -0.001290 
3.130000 -0.002171 
3.135000 -0.004208 
3.140000 0.002628 
3.145000 0.010385 
3.150000 0.005981 
3.155000 -0.003629 
3.160000 -0.004875 
3.165000 -0.002360 
3.170000 -0.005574 
3.175000 -0.006580 
3.180000 0.003191 
3.185000 0.010968 
3.190000 0.004341 
3.195000 -0.004319 
3.200000 -0.001274 
3.205000 0.003366 
3.210000 -0.000659 
3.215000 -0.002469 
3.220000 0.004266 
3.225000 0.005503 
3.230000 -0.003608 
3.235000 -0.007252 
3.240000 -0.000794 
3.245000 0.001714 
3.250000 -0.001618 
3.255000 0.001445 
3.260000 0.007916 
3.265000 0.004097 
3.270000 -0.005466 
3.275000 -0.005822 
3.280000 0.000384 
3.285000 0.001135 
3.290000 -0.000889 
3.295000 0.002643 
3.300000 0.005933 
3.305000 0.000295 
3.310000 -0.007192 
3.315000 -0.005831 
3.320000 -0.000328 
3.325000 -0.000288 
3.330000 -0.001830 
3.335000 0.002758 
3.340000 0.007872 
3.345000 0.004845 
3.350000 -0.001091 
3.355000 -0.001231 
3.360000 0.000381 
3.365000 -0.002368 
3.370000 -0.003995 
3.375000 0.000276 
3.380000 0.003046 
3.385000 -0.000408 
3.390000 -0.001972 
3.395000 0.002751 
3.400000 0.004925 
3.405000 -0.000070 
3.410000 -0.003322 
3.415000 0.000180 
3.420000 0.002291 
3.425000 -0.001731 
3.430000 -0.004086 
3.435000 -0.000271 
3.440000 0.002316 
3.445000 -0.000300 
3.450000 -0.000710 
3.455000 0.004032 
3.460000 0.005059 
3.465000 -0.001171 
3.470000 -0.005311 
3.475000 -0.002782 
3.480000 -0.001359 
3.485000 -0.003919 
3.490000 -0.002695 
3.495000 0.003415 
3.500000 0.005218 
3.505000 0.001180 
3.510000 -0.000445 
3.515000 0.001069 
3.520000 -0.001031 
3.525000 -0.004644 
3.530000 -0.002048 
3.535000 0.003301 
3.540000 0.002351 
3.545000 -0.002070 
3.550000 -0.001558 
3.555000 0.000997 
3.560000 -0.001067 
3.565000 -0.003045 
3.570000 0.000976 
3.575000 0.004070 
3.580000 -0.000172 
3.585000 -0.003760 
3.590000 -0.000035 
3.595000 0.003143 
3.600000 0.000363 
3.605000 -0.000396 
3.610000 0.003753 
3.615000 0.003207 
3.620000 -0.003465 
3.625000 -0.005087 
3.630000 -0.000033 
3.635000 0.001577 
3.640000 -0.000586 
3.645000 0.001846 
3.650000 0.005931 
3.655000 0.002487 
3.660000 -0.004367 
3.665000 -0.004711 
3.670000 -0.001250 
3.675000 -0.001466 
3.680000 -0.002347 
3.685000 0.000819 
3.690000 0.002853 
3.695000 -0.000471 
3.700000 -0.002928 
3.705000 0.000002 
3.710000 0.002523 
3.715000 0.000599 
3.720000 -0.000888 
3.725000 0.000576 
3.730000 0.000288 
3.735000 -0.002576 
3.740000 -0.002720 
3.745000 0.000083 
3.750000 0.001123 
3.755000 0.001262 
3.760000 0.003820 
3.765000 0.005031 
3.770000 0.001074 
3.775000 -0.002886 
3.780000 -0.002504 
3.785000 -0.002127 
3.790000 -0.003389 
3.795000 -0.000910 
3.800000 0.004004 
3.805000 0.003188 
3.810000 -0.001783 
3.815000 -0.002089 
3.820000 0.000547 
3.825000 -0.001274 
3.830000 -0.003835 
3.835000 -0.000346 
3.840000 0.003562 
3.845000 0.000911 
3.850000 -0.002509 
3.855000 -0.000815 
3.860000 0.000340 
3.865000 -0.002494 
3.870000 -0.002312 
3.875000 0.002830 
3.880000 0.004202 
3.885000 -0.000628 
3.890000 -0.003287 
3.895000 -0.001166 
3.900000 -0.000439 
3.905000 -0.001478 
3.910000 0.000876 
3.915000 0.003906 
3.920000 0.001269 
3.925000 -0.003267 
3.930000 -0.002645 
3.935000 -0.000130 
3.940000 -0.001101 
3.945000 -0.001293 
3.950000 0.002734 
3.955000 0.004386 
3.960000 0.000420 
3.965000 -0.001819 
3.970000 0.000164 
3.975000 -0.000621 
3.980000 -0.003899 
3.985000 -0.001399 
3.990000 0.004421 
3.995000 0.003162 
4.000000 -0.002591 
4.005000 -0.002117 
4.010000 0.002104 
4.015000 0.000829 
4.020000 -0.002152 
4.025000 0.000908 
4.030000 0.003937 
4.035000 -0.000540 
4.040000 -0.005029 
4.045000 -0.001971 
4.050000 0.001277 
4.055000 -0.001285 
4.060000 -0.001884 
4.065000 0.003374 
4.070000 0.004926 
4.075000 -0.000808 
4.080000 -0.003835 
4.085000 -0.000658 
4.090000 0.000119 
4.095000 -0.002840 
4.100000 -0.001150 
4.105000 0.004190 
4.110000 0.003604 
4.115000 -0.001638 
4.120000 -0.001999 
4.125000 0.001541 
4.130000 0.001098 
4.135000 -0.001509 
4.140000 0.000021 
4.145000 0.002435 
4.150000 0.000157 
4.155000 -0.002693 
4.160000 -0.001077 
4.165000 0.000887 
4.170000 -0.000545 
4.175000 -0.001030 
4.180000 0.001567 
4.185000 0.001978 
4.190000 -0.001133 
4.195000 -0.001898 
4.200000 0.000664 
4.205000 0.000856 
4.210000 -0.001439 
4.215000 -0.000641 
4.220000 0.002226 
4.225000 0.001065 
4.230000 -0.002639 
4.235000 -0.002390 
4.240000 0.000716 
4.245000 0.000837 
4.250000 -0.001019 
4.255000 -0.000200 
4.260000 0.001640 
4.265000 0.000535 
4.270000 -0.001448 
4.275000 -0.000826 
4.280000 0.000347 
4.285000 -0.000609 
4.290000 -0.001495 
4.295000 -0.000173 
4.300000 0.001074 
4.305000 0.000208 
4.310000 -0.000983 
4.315000 -0.000658 
4.320000 0.000216 
4.325000 0.000388 
4.330000 0.000272 
4.335000 0.000388 
4.340000 0.000234 
4.345000 -0.000583 
4.350000 -0.001316 
4.355000 -0.000928 
4.360000 0.000291 
4.365000 0.000904 
4.370000 0.000481 
4.375000 0.000245 
4.380000 0.000661 
4.385000 0.000366 
4.390000 -0.001130 
4.395000 -0.001953 
4.400000 -0.000902 
4.405000 0.000465 
4.410000 0.000575 
4.415000 0.000155 
4.420000 0.000071 
4.425000 -0.000353 
4.430000 -0.001168 
4.435000 -0.000920 
4.440000 0.000486 
4.445000 0.001099 
4.450000 0.000372 
4.455000 -0.000073 
4.460000 0.000094 
4.465000 -0.000485 
4.470000 -0.001359 
4.475000 -0.000704 
4.480000 0.000775 
4.485000 0.000892 
4.490000 0.000193 
4.495000 0.000459 
4.500000 0.000656 
4.505000 -0.000701 
4.510000 -0.001702 
4.515000 -0.000452 
4.520000 0.000949 
4.525000 0.000418 
4.530000 -0.000278 
4.535000 0.000303 
4.540000 0.000266 
4.545000 -0.001050 
4.550000 -0.001097 
4.555000 0.000541 
4.560000 0.000887 
4.565000 -0.000527 
4.570000 -0.000800 
4.575000 0.000352 
4.580000 0.000237 
4.585000 -0.000999 
4.590000 -0.000688 
4.595000 0.000714 
4.600000 0.000508 
4.605000 -0.000743 
4.610000 -0.000484 
4.615000 0.000607 
4.620000 0.000159 
4.625000 -0.000989 
4.630000 -0.000530 
4.635000 0.000722 
4.640000 0.000549 
4.645000 -0.000472 
4.650000 -0.000526 
4.655000 -0.000104 
4.660000 -0.000474 
4.665000 -0.000885 
4.670000 -0.000300 
4.675000 0.000340 
4.680000 0.000091 
4.685000 -0.000116 
4.690000 0.000414 
4.695000 0.000588 
4.700000 -0.000224 
4.705000 -0.000829 
4.710000 -0.000445 
4.715000 0.000036 
4.720000 -0.000009 
4.725000 0.000028 
4.730000 0.000329 
4.735000 0.000168 
4.740000 -0.000448 
4.745000 -0.000576 
4.750000 -0.000047 
4.755000 0.000273 
4.760000 0.000033 
4.765000 -0.000199 
4.770000 -0.000138 
4.775000 -0.000164 
4.780000 -0.000399 
4.785000 -0.000412 
4.790000 -0.000034 
4.795000 0.000289 
4.800000 0.000222 
4.805000 0.000005 
4.810000 -0.000129 
4.815000 -0.000347 
4.820000 -0.000621 
4.825000 -0.000486 
4.830000 0.000104 
4.835000 0.000448 
4.840000 0.000197 
4.845000 -0.000092 
4.850000 -0.000055 
4.855000 -0.000091 
4.860000 -0.000332 
4.865000 -0.000237 
4.870000 0.000240 
4.875000 0.000360 
4.880000 -0.000052 
4.885000 -0.000281 
4.890000 -0.000075 
4.895000 -0.000001 
4.900000 -0.000209 
4.905000 -0.000194 
4.910000 0.000090 
4.915000 0.000114 
4.920000 -0.000155 
4.925000 -0.000223 
4.930000 -0.000028 
4.935000 0.000046 
4.940000 -0.000026 
4.945000 0.000029 
4.950000 0.000141 
4.955000 0.000062 
4.960000 -0.000104 
4.965000 -0.000114 
4.970000 -0.000025 
4.975000 -0.000006 
4.980000 -0.000019 
4.985000 0.000006 
4.990000 0.000017 
4.995000 -0.000002 
