# Frequency (THz), VDOS (THz^-1)
0.00000, -2.30225e-04
0.20000, 1.90902e-04
0.40000, -1.04228e-04
0.60000, 3.78554e-05
0.80000, -3.70825e-05
1.00000, 8.05891e-05
1.20000, -9.11648e-05
1.40000, 3.43129e-07
1.60000, 1.84384e-04
1.80000, -3.73084e-04
2.00000, 4.60513e-04
2.20000, -4.07938e-04
2.40000, 2.65103e-04
2.60000, -1.19803e-04
2.80000, 3.13114e-05
3.00000, -5.10669e-06
3.20000, 1.35280e-05
3.40000, -2.79466e-05
3.60000, 3.40170e-05
3.80000, -2.85117e-05
4.00000, 1.10979e-05
4.20000, 2.02939e-05
4.40000, -7.07269e-05
4.60000, 1.46133e-04
4.80000, -2.44825e-04
5.00000, 3.46510e-04
5.20000, -4.13355e-04
5.40000, 4.11581e-04
5.60000, -3.38262e-04
5.80000, 2.26168e-04
6.00000, -1.20630e-04
6.20000, 5.17066e-05
6.40000, -2.54068e-05
6.60000, 3.29759e-05
6.80000, -6.13435e-05
7.00000, 9.51316e-05
7.20000, -1.15361e-04
7.40000, 1.03605e-04
7.60000, -5.14805e-05
7.80000, -3.28932e-05
8.00000, 1.27219e-04
8.20000, -2.03820e-04
8.40000, 2.40247e-04
8.60000, -2.28685e-04
8.80000, 1.79796e-04
9.00000, -1.16713e-04
9.20000, 6.28563e-05
9.40000, -3.44947e-05
9.60000, 4.39659e-05
9.80000, -1.06843e-04
10.00000, 2.39922e-04
10.20000, -4.43953e-04
10.40000, 6.82225e-04
10.60000, -8.79786e-04
10.80000, 9.58753e-04
11.00000, -8.90711e-04
11.20000, 7.20795e-04
11.40000, -5.36588e-04
11.60000, 4.06001e-04
11.80000, -3.37736e-04
12.00000, 2.94748e-04
12.20000, -2.40720e-04
12.40000, 1.72700e-04
12.60000, -1.13765e-04
12.80000, 8.26065e-05
13.00000, -7.54251e-05
13.20000, 7.46033e-05
13.40000, -6.84677e-05
13.60000, 6.00497e-05
13.80000, -5.92363e-05
14.00000, 6.92904e-05
14.20000, -8.09767e-05
14.40000, 7.82858e-05
14.60000, -4.89229e-05
14.80000, -9.88345e-06
15.00000, 9.10311e-05
15.20000, -1.75968e-04
15.40000, 2.33993e-04
15.60000, -2.36529e-04
15.80000, 1.85764e-04
16.00000, -1.25985e-04
16.20000, 1.11466e-04
16.40000, -1.56413e-04
16.60000, 2.21834e-04
16.80000, -2.53771e-04
17.00000, 2.29286e-04
17.20000, -1.65287e-04
17.40000, 9.25103e-05
17.60000, -2.82328e-05
17.80000, -2.97204e-05
18.00000, 9.01352e-05
18.20000, -1.51551e-04
18.40000, 1.96471e-04
18.60000, -2.04293e-04
18.80000, 1.73140e-04
19.00000, -1.26507e-04
19.20000, 9.35265e-05
19.40000, -8.27876e-05
19.60000, 7.68532e-05
19.80000, -4.79688e-05
20.00000, -2.51292e-05
20.20000, 1.49375e-04
20.40000, -3.12803e-04
20.60000, 4.81172e-04
20.80000, -6.04300e-04
21.00000, 6.36390e-04
21.20000, -5.59110e-04
21.40000, 3.89858e-04
21.60000, -1.70259e-04
21.80000, -5.22292e-05
22.00000, 2.36539e-04
22.20000, -3.56972e-04
22.40000, 4.14230e-04
22.60000, -4.35414e-04
22.80000, 4.48982e-04
23.00000, -4.54343e-04
23.20000, 4.24319e-04
23.40000, -3.41781e-04
23.60000, 2.26378e-04
23.80000, -1.20265e-04
24.00000, 5.38559e-05
24.20000, -3.09656e-05
24.40000, 4.04792e-05
24.60000, -7.15380e-05
24.80000, 1.18006e-04
25.00000, -1.81531e-04
25.20000, 2.80587e-04
25.40000, -4.49349e-04
25.60000, 7.07173e-04
25.80000, -1.01499e-03
26.00000, 1.26813e-03
26.20000, -1.35203e-03
26.40000, 1.22165e-03
26.60000, -9.34022e-04
26.80000, 6.08789e-04
27.00000, -3.59498e-04
27.20000, 2.52263e-04
27.40000, -3.04361e-04
27.60000, 4.95846e-04
27.80000, -7.71578e-04
28.00000, 1.03955e-03
28.20000, -1.18786e-03
28.40000, 1.13154e-03
28.60000, -8.67776e-04
28.80000, 4.94022e-04
29.00000, -1.62098e-04
29.20000, -6.69705e-06
29.40000, -1.12587e-05
29.60000, 1.35435e-04
29.80000, -2.39370e-04
30.00000, 2.36434e-04
30.20000, -1.31326e-04
30.40000, -2.01521e-06
30.60000, 8.99112e-05
30.80000, -1.09066e-04
31.00000, 8.22004e-05
31.20000, -4.30974e-05
31.40000, 1.14013e-05
31.60000, 9.60705e-06
31.80000, -2.38357e-05
32.00000, 3.45061e-05
32.20000, -4.13247e-05
32.40000, 4.16804e-05
32.60000, -3.42997e-05
32.80000, 2.26778e-05
33.00000, -1.41905e-05
33.20000, 1.38392e-05
33.40000, -1.86716e-05
33.60000, 2.02049e-05
33.80000, -1.26957e-05
34.00000, -3.04026e-06
34.20000, 2.47743e-05
34.40000, -5.53029e-05
34.60000, 1.00078e-04
34.80000, -1.55875e-04
35.00000, 2.02223e-04
35.20000, -2.08853e-04
35.40000, 1.57271e-04
35.60000, -5.46468e-05
35.80000, -7.86755e-05
36.00000, 2.35085e-04
36.20000, -4.24344e-04
36.40000, 6.45164e-04
36.60000, -8.54858e-04
36.80000, 9.76501e-04
37.00000, -9.45360e-04
37.20000, 7.56662e-04
37.40000, -4.75294e-04
37.60000, 1.99590e-04
37.80000, -5.04197e-06
38.00000, -9.30571e-05
38.20000, 1.32985e-04
38.40000, -1.64295e-04
38.60000, 2.06571e-04
38.80000, -2.43468e-04
39.00000, 2.52122e-04
39.20000, -2.33329e-04
39.40000, 2.10001e-04
39.60000, -1.99810e-04
39.80000, 1.97021e-04
40.00000, -1.82956e-04
40.20000, 1.48374e-04
40.40000, -1.01473e-04
40.60000, 5.75607e-05
40.80000, -2.60563e-05
41.00000, 7.01788e-06
41.20000, 4.41684e-06
41.40000, -1.32141e-05
41.60000, 2.31118e-05
41.80000, -3.70281e-05
42.00000, 5.55700e-05
42.20000, -7.34583e-05
42.40000, 7.90428e-05
42.60000, -6.14525e-05
42.80000, 2.11690e-05
43.00000, 2.67943e-05
43.20000, -6.22330e-05
43.40000, 7.41381e-05
43.60000, -6.81204e-05
43.80000, 6.30728e-05
44.00000, -8.22404e-05
44.20000, 1.42371e-04
44.40000, -2.40128e-04
44.60000, 3.42426e-04
44.80000, -3.99147e-04
45.00000, 3.83503e-04
45.20000, -3.26022e-04
45.40000, 2.95833e-04
45.60000, -3.35035e-04
45.80000, 4.12908e-04
46.00000, -4.50976e-04
46.20000, 3.91565e-04
46.40000, -2.41076e-04
46.60000, 5.71982e-05
46.80000, 9.41330e-05
47.00000, -1.73871e-04
47.20000, 1.80781e-04
47.40000, -1.40942e-04
47.60000, 8.63276e-05
47.80000, -3.52326e-05
48.00000, -1.77373e-05
48.20000, 1.03666e-04
48.40000, -2.75023e-04
48.60000, 5.86189e-04
48.80000, -1.04975e-03
49.00000, 1.58901e-03
49.20000, -2.04236e-03
49.40000, 2.25216e-03
49.60000, -2.17806e-03
49.80000, 1.91774e-03
50.00000, -1.60396e-03
50.20000, 1.29299e-03
50.40000, -9.66461e-04
50.60000, 6.16686e-04
50.80000, -2.86223e-04
51.00000, 1.82999e-05
51.20000, 1.93153e-04
51.40000, -3.74965e-04
51.60000, 5.09308e-04
51.80000, -5.29298e-04
52.00000, 3.96078e-04
52.20000, -1.71160e-04
52.40000, -5.43882e-06
52.60000, 1.72685e-05
52.80000, 1.44610e-04
53.00000, -3.85394e-04
53.20000, 5.78363e-04
53.40000, -6.40534e-04
53.60000, 5.66692e-04
53.80000, -4.13057e-04
54.00000, 2.51392e-04
54.20000, -1.28648e-04
54.40000, 5.56657e-05
54.60000, -2.04783e-05
54.80000, 6.41391e-06
55.00000, -1.96368e-06
55.20000, 2.76110e-06
55.40000, -1.18531e-05
55.60000, 4.22468e-05
55.80000, -1.19283e-04
56.00000, 2.73009e-04
56.20000, -5.11243e-04
56.40000, 7.83206e-04
56.60000, -9.70097e-04
56.80000, 9.33567e-04
57.00000, -6.01676e-04
57.20000, 2.84719e-05
57.40000, 6.17371e-04
57.60000, -1.12611e-03
57.80000, 1.34374e-03
58.00000, -1.24477e-03
58.20000, 9.34726e-04
58.40000, -5.75425e-04
58.60000, 2.89918e-04
58.80000, -1.18255e-04
59.00000, 3.81312e-05
59.20000, -9.24288e-06
59.40000, 1.52481e-06
59.60000, -2.09863e-07
59.80000, 1.63831e-07
60.00000, -1.76227e-07
60.20000, 1.25030e-07
60.40000, -6.11606e-08
60.60000, 1.38383e-08
60.80000, 2.08266e-08
61.00000, -5.65080e-08
61.20000, 9.58778e-08
61.40000, -1.26638e-07
61.60000, 1.34091e-07
61.80000, -1.16506e-07
62.00000, 8.79498e-08
62.20000, -6.66644e-08
62.40000, 6.14042e-08
62.60000, -6.77822e-08
62.80000, 7.47311e-08
63.00000, -7.30494e-08
63.20000, 5.99342e-08
63.40000, -3.89849e-08
63.60000, 1.75332e-08
63.80000, -2.85034e-09
64.00000, -1.16453e-09
64.20000, -4.77499e-09
64.40000, 1.63333e-08
64.60000, -2.75585e-08
64.80000, 3.28309e-08
65.00000, -2.84563e-08
65.20000, 1.38399e-08
65.40000, 8.18674e-09
65.60000, -3.23914e-08
65.80000, 5.30122e-08
66.00000, -6.51833e-08
66.20000, 6.57034e-08
66.40000, -5.40247e-08
66.60000, 3.32193e-08
66.80000, -9.37768e-09
67.00000, -1.09643e-08
67.20000, 2.36332e-08
67.40000, -2.78138e-08
67.60000, 2.49335e-08
67.80000, -1.69931e-08
68.00000, 5.97325e-09
68.20000, 5.72645e-09
68.40000, -1.51928e-08
68.60000, 2.00421e-08
68.80000, -1.97848e-08
69.00000, 1.60524e-08
69.20000, -1.12452e-08
69.40000, 6.72999e-09
69.60000, -2.22954e-09
69.80000, -3.11470e-09
70.00000, 9.20306e-09
70.20000, -1.45894e-08
70.40000, 1.75697e-08
70.60000, -1.74842e-08
70.80000, 1.49052e-08
71.00000, -1.08010e-08
71.20000, 5.79995e-09
71.40000, -1.76783e-10
71.60000, -5.85644e-09
71.80000, 1.20728e-08
72.00000, -1.82088e-08
72.20000, 2.37243e-08
72.40000, -2.77054e-08
72.60000, 2.93537e-08
72.80000, -2.86237e-08
73.00000, 2.61470e-08
73.20000, -2.25178e-08
73.40000, 1.79722e-08
73.60000, -1.29400e-08
73.80000, 8.58987e-09
74.00000, -6.22525e-09
74.20000, 5.69140e-09
74.40000, -4.44453e-09
74.60000, -1.03397e-09
74.80000, 1.18538e-08
75.00000, -2.43864e-08
75.20000, 3.20015e-08
75.40000, -3.01802e-08
75.60000, 2.05666e-08
75.80000, -9.89984e-09
76.00000, 4.39532e-09
76.20000, -4.94843e-09
76.40000, 7.86936e-09
76.60000, -9.41199e-09
76.80000, 8.44431e-09
77.00000, -5.48991e-09
77.20000, 1.29247e-09
77.40000, 3.03056e-09
77.60000, -5.63550e-09
77.80000, 4.81922e-09
78.00000, -3.55567e-10
78.20000, -6.14256e-09
78.40000, 1.21988e-08
78.60000, -1.59513e-08
78.80000, 1.70177e-08
79.00000, -1.62501e-08
79.20000, 1.47208e-08
79.40000, -1.27944e-08
79.60000, 1.00642e-08
79.80000, -6.14339e-09
80.00000, 1.36972e-09
80.20000, 3.34601e-09
80.40000, -7.12745e-09
80.60000, 9.34315e-09
80.80000, -9.43949e-09
81.00000, 7.03964e-09
81.20000, -2.37818e-09
81.40000, -3.50895e-09
81.60000, 9.13558e-09
81.80000, -1.31359e-08
82.00000, 1.46229e-08
82.20000, -1.32226e-08
82.40000, 8.97609e-09
82.60000, -2.38284e-09
82.80000, -5.35242e-09
83.00000, 1.21816e-08
83.20000, -1.56734e-08
83.40000, 1.41762e-08
83.60000, -7.94970e-09
83.80000, -8.26014e-10
84.00000, 9.30730e-09
84.20000, -1.53203e-08
84.40000, 1.76585e-08
84.60000, -1.55827e-08
84.80000, 8.52583e-09
85.00000, 3.54912e-09
85.20000, -1.95416e-08
85.40000, 3.68524e-08
85.60000, -5.12386e-08
85.80000, 5.69772e-08
86.00000, -4.84524e-08
86.20000, 2.38698e-08
86.40000, 1.11509e-08
86.60000, -4.40782e-08
86.80000, 6.12164e-08
87.00000, -5.52520e-08
87.20000, 2.92525e-08
87.40000, 6.26753e-09
87.60000, -4.15120e-08
87.80000, 7.36865e-08
88.00000, -1.04401e-07
88.20000, 1.29323e-07
88.40000, -1.30928e-07
88.60000, 8.66009e-08
88.80000, 6.47506e-09
89.00000, -1.01265e-07
89.20000, 6.76602e-08
89.40000, 3.81266e-07
89.60000, -1.83560e-06
89.80000, 5.24623e-06
90.00000, -1.13812e-05
90.20000, 1.92492e-05
90.40000, -2.44155e-05
90.60000, 1.99963e-05
90.80000, -2.04363e-06
91.00000, -2.45321e-05
91.20000, 4.70256e-05
91.40000, -5.43649e-05
91.60000, 4.58058e-05
91.80000, -2.98427e-05
92.00000, 1.57708e-05
92.20000, -7.47391e-06
92.40000, 3.84670e-06
92.60000, -2.40875e-06
92.80000, 1.63483e-06
93.00000, -1.09619e-06
93.20000, 7.76257e-07
93.40000, -6.35646e-07
93.60000, 5.61806e-07
93.80000, -4.55170e-07
94.00000, 2.82296e-07
94.20000, -7.11395e-08
94.40000, -1.21319e-07
94.60000, 2.43302e-07
94.80000, -2.71463e-07
95.00000, 2.17732e-07
95.20000, -1.19833e-07
95.40000, 2.14221e-08
95.60000, 4.72709e-08
95.80000, -7.79475e-08
96.00000, 7.93576e-08
96.20000, -6.57957e-08
96.40000, 4.81374e-08
96.60000, -3.14672e-08
96.80000, 1.72297e-08
97.00000, -5.85427e-09
97.20000, -2.39517e-09
97.40000, 7.94964e-09
97.60000, -1.21764e-08
97.80000, 1.62641e-08
98.00000, -1.94469e-08
98.20000, 1.86695e-08
98.40000, -1.09711e-08
98.60000, -3.12483e-09
98.80000, 1.87160e-08
99.00000, -2.94071e-08
99.20000, 3.14189e-08
99.40000, -2.54977e-08
99.60000, 1.57959e-08
99.80000, -7.38229e-09
100.00000, 4.10728e-09
