# Frequency (THz), VDOS (THz^-1)
0.00000, -2.62888e-04
0.20000, 2.16254e-04
0.40000, -1.12558e-04
0.60000, 3.00002e-05
0.80000, -2.05336e-05
1.00000, 5.80957e-05
1.20000, -5.10285e-05
1.40000, -8.09104e-05
1.60000, 3.24537e-04
1.80000, -5.64221e-04
2.00000, 6.65830e-04
2.20000, -5.81938e-04
2.40000, 3.80827e-04
2.60000, -1.79824e-04
2.80000, 5.67680e-05
3.00000, -1.72929e-05
3.20000, 2.37643e-05
3.40000, -3.84103e-05
3.60000, 4.26589e-05
3.80000, -3.20750e-05
4.00000, 5.21759e-06
4.20000, 4.27321e-05
4.40000, -1.21861e-04
4.60000, 2.43539e-04
4.80000, -4.05704e-04
5.00000, 5.74689e-04
5.20000, -6.87386e-04
5.40000, 6.87037e-04
5.60000, -5.67477e-04
5.80000, 3.81740e-04
6.00000, -2.04695e-04
6.20000, 8.70617e-05
6.40000, -3.99342e-05
6.60000, 4.91470e-05
6.80000, -9.20429e-05
7.00000, 1.40152e-04
7.20000, -1.55812e-04
7.40000, 9.80964e-05
7.60000, 5.97442e-05
7.80000, -3.12238e-04
8.00000, 6.12695e-04
8.20000, -8.78685e-04
8.40000, 1.01970e-03
8.60000, -9.84339e-04
8.80000, 7.95534e-04
9.00000, -5.37715e-04
9.20000, 3.03572e-04
9.40000, -1.49029e-04
9.60000, 8.97865e-05
9.80000, -1.25550e-04
10.00000, 2.56018e-04
10.20000, -4.70276e-04
10.40000, 7.23395e-04
10.60000, -9.33087e-04
10.80000, 1.01732e-03
11.00000, -9.53106e-04
11.20000, 8.03638e-04
11.40000, -6.77559e-04
11.60000, 6.45074e-04
11.80000, -6.83060e-04
12.00000, 7.02117e-04
12.20000, -6.31793e-04
12.40000, 4.81265e-04
12.60000, -3.20218e-04
12.80000, 2.10075e-04
13.00000, -1.59729e-04
13.20000, 1.39550e-04
13.40000, -1.23280e-04
13.60000, 1.10740e-04
13.80000, -1.16235e-04
14.00000, 1.42931e-04
14.20000, -1.71280e-04
14.40000, 1.71850e-04
14.60000, -1.28285e-04
14.80000, 4.75085e-05
15.00000, 4.78965e-05
15.20000, -1.29438e-04
15.40000, 1.67729e-04
15.60000, -1.47939e-04
15.80000, 9.68025e-05
16.00000, -8.34029e-05
16.20000, 1.66527e-04
16.40000, -3.31070e-04
16.60000, 4.87829e-04
16.80000, -5.45341e-04
17.00000, 4.80215e-04
17.20000, -3.39690e-04
17.40000, 1.88258e-04
17.60000, -5.79388e-05
17.80000, -6.04537e-05
18.00000, 1.91604e-04
18.20000, -3.42381e-04
18.40000, 4.87261e-04
18.60000, -5.85969e-04
18.80000, 6.17783e-04
19.00000, -5.94908e-04
19.20000, 5.40558e-04
19.40000, -4.63186e-04
19.60000, 3.58152e-04
19.80000, -2.24268e-04
20.00000, 6.75555e-05
20.20000, 1.05459e-04
20.40000, -2.85557e-04
20.60000, 4.50156e-04
20.80000, -5.62535e-04
21.00000, 5.88648e-04
21.20000, -5.18230e-04
21.40000, 3.71538e-04
21.60000, -1.86660e-04
21.80000, -8.21879e-07
22.00000, 1.71754e-04
22.20000, -3.27913e-04
22.40000, 4.87834e-04
22.60000, -6.67687e-04
22.80000, 8.49934e-04
23.00000, -9.71257e-04
23.20000, 9.60227e-04
23.40000, -8.00641e-04
23.60000, 5.54486e-04
23.80000, -3.17189e-04
24.00000, 1.52841e-04
24.20000, -7.09459e-05
24.40000, 5.01319e-05
24.60000, -6.81131e-05
24.80000, 1.09776e-04
25.00000, -1.63342e-04
25.20000, 2.24857e-04
25.40000, -3.08086e-04
25.60000, 4.38364e-04
25.80000, -6.23876e-04
26.00000, 8.30392e-04
26.20000, -9.94922e-04
26.40000, 1.08032e-03
26.60000, -1.12459e-03
26.80000, 1.22939e-03
27.00000, -1.48202e-03
27.20000, 1.87054e-03
27.40000, -2.26605e-03
27.60000, 2.49307e-03
27.80000, -2.43242e-03
28.00000, 2.07384e-03
28.20000, -1.49257e-03
28.40000, 7.99665e-04
28.60000, -1.17799e-04
28.80000, -4.25638e-04
29.00000, 7.23441e-04
29.20000, -7.32829e-04
29.40000, 5.06410e-04
29.60000, -1.79527e-04
29.80000, -9.13042e-05
30.00000, 2.08671e-04
30.20000, -1.77398e-04
30.40000, 7.65636e-05
30.60000, 1.10125e-05
30.80000, -4.88607e-05
31.00000, 4.59426e-05
31.20000, -2.68156e-05
31.40000, 8.41197e-06
31.60000, 4.34311e-06
31.80000, -1.27711e-05
32.00000, 1.87627e-05
32.20000, -2.24571e-05
32.40000, 2.26263e-05
32.60000, -1.86784e-05
32.80000, 1.26637e-05
33.00000, -8.78553e-06
33.20000, 9.69483e-06
33.40000, -1.32016e-05
33.60000, 1.38395e-05
33.80000, -7.79674e-06
34.00000, -5.26134e-06
34.20000, 2.60039e-05
34.40000, -5.92317e-05
34.60000, 1.10260e-04
34.80000, -1.74002e-04
35.00000, 2.27342e-04
35.20000, -2.37690e-04
35.40000, 1.86241e-04
35.60000, -8.38254e-05
35.80000, -4.08944e-05
36.00000, 1.69829e-04
36.20000, -3.06414e-04
36.40000, 4.55004e-04
36.60000, -5.94268e-04
36.80000, 6.78529e-04
37.00000, -6.68997e-04
37.20000, 5.64757e-04
37.40000, -4.05233e-04
37.60000, 2.43583e-04
37.80000, -1.13743e-04
38.00000, 1.56090e-05
38.20000, 7.25858e-05
38.40000, -1.66144e-04
38.60000, 2.54645e-04
38.80000, -3.10348e-04
39.00000, 3.17320e-04
39.20000, -2.90698e-04
39.40000, 2.63389e-04
39.60000, -2.53911e-04
39.80000, 2.51323e-04
40.00000, -2.32087e-04
40.20000, 1.86562e-04
40.40000, -1.26487e-04
40.60000, 7.13421e-05
40.80000, -3.27424e-05
41.00000, 1.06342e-05
41.20000, 1.24101e-06
41.40000, -9.56769e-06
41.60000, 1.95664e-05
41.80000, -3.49846e-05
42.00000, 5.64357e-05
42.20000, -7.81211e-05
42.40000, 8.76988e-05
42.60000, -7.33745e-05
42.80000, 3.44974e-05
43.00000, 1.45447e-05
43.20000, -5.28643e-05
43.40000, 6.73955e-05
43.60000, -6.03073e-05
43.80000, 4.45234e-05
44.00000, -3.38773e-05
44.20000, 3.62021e-05
44.40000, -5.10410e-05
44.60000, 7.01977e-05
44.80000, -8.19520e-05
45.00000, 7.97300e-05
45.20000, -6.92543e-05
45.40000, 6.49149e-05
45.60000, -7.59248e-05
45.80000, 9.59722e-05
46.00000, -1.07987e-04
46.20000, 9.90607e-05
46.40000, -7.03031e-05
46.60000, 3.39332e-05
46.80000, -3.35989e-06
47.00000, -1.42392e-05
47.20000, 1.90880e-05
47.40000, -1.56238e-05
47.60000, 7.91562e-06
47.80000, 4.98291e-06
48.00000, -3.43711e-05
48.20000, 1.08306e-04
48.40000, -2.73780e-04
48.60000, 5.81023e-04
48.80000, -1.04064e-03
49.00000, 1.57533e-03
49.20000, -2.02247e-03
49.40000, 2.22147e-03
49.60000, -2.12820e-03
49.80000, 1.84088e-03
50.00000, -1.50213e-03
50.20000, 1.18420e-03
50.40000, -8.78466e-04
50.60000, 5.70570e-04
50.80000, -2.85039e-04
51.00000, 5.21027e-05
51.20000, 1.33391e-04
51.40000, -2.92459e-04
51.60000, 4.10853e-04
51.80000, -4.33993e-04
52.00000, 3.26878e-04
52.20000, -1.33374e-04
52.40000, -3.62334e-05
52.60000, 8.25440e-05
52.80000, 1.43503e-05
53.00000, -1.90736e-04
53.20000, 3.49720e-04
53.40000, -4.20299e-04
53.60000, 3.88743e-04
53.80000, -2.91204e-04
54.00000, 1.80361e-04
54.20000, -9.32737e-05
54.40000, 4.05065e-05
54.60000, -1.48202e-05
54.80000, 4.55490e-06
55.00000, -1.19433e-06
55.20000, 5.92691e-07
55.40000, -1.80020e-06
55.60000, 6.27093e-06
55.80000, -1.76356e-05
56.00000, 4.03699e-05
56.20000, -7.56735e-05
56.40000, 1.15815e-04
56.60000, -1.42333e-04
56.80000, 1.33001e-04
57.00000, -7.51540e-05
57.20000, -2.38364e-05
57.40000, 1.36385e-04
57.60000, -2.25548e-04
57.80000, 2.62372e-04
58.00000, -2.40907e-04
58.20000, 1.80228e-04
58.40000, -1.10730e-04
58.60000, 5.57404e-05
58.80000, -2.27739e-05
59.00000, 7.41498e-06
59.20000, -1.85690e-06
59.40000, 3.25012e-07
59.60000, -1.36910e-08
59.80000, -3.52883e-08
60.00000, 4.40908e-08
60.20000, -4.21934e-08
60.40000, 3.31276e-08
60.60000, -2.24089e-08
60.80000, 1.54161e-08
61.00000, -1.43596e-08
61.20000, 1.79117e-08
61.40000, -2.26766e-08
61.60000, 2.55869e-08
61.80000, -2.58559e-08
62.00000, 2.49377e-08
62.20000, -2.44966e-08
62.40000, 2.45093e-08
62.60000, -2.34809e-08
62.80000, 2.01953e-08
63.00000, -1.48398e-08
63.20000, 8.68926e-09
63.40000, -3.38885e-09
63.60000, 5.98812e-10
63.80000, -1.58508e-09
64.00000, 6.48371e-09
64.20000, -1.38337e-08
64.40000, 2.09528e-08
64.60000, -2.50324e-08
64.80000, 2.43593e-08
65.00000, -1.89882e-08
65.20000, 1.04622e-08
65.40000, -8.38635e-10
65.60000, -8.18919e-09
65.80000, 1.54830e-08
66.00000, -2.01411e-08
66.20000, 2.13701e-08
66.40000, -1.89149e-08
66.60000, 1.35746e-08
66.80000, -7.05806e-09
67.00000, 1.16789e-09
67.20000, 2.89741e-09
67.40000, -4.56842e-09
67.60000, 3.60832e-09
67.80000, -1.18038e-10
68.00000, -5.20171e-09
68.20000, 1.10725e-08
68.40000, -1.60843e-08
68.60000, 1.91639e-08
68.80000, -1.97993e-08
69.00000, 1.80947e-08
69.20000, -1.46708e-08
69.40000, 1.03265e-08
69.60000, -5.67194e-09
69.80000, 1.12446e-09
70.00000, 2.77859e-09
70.20000, -5.27713e-09
70.40000, 5.78240e-09
70.60000, -4.37330e-09
70.80000, 1.80324e-09
71.00000, 1.04083e-09
71.20000, -3.69688e-09
71.40000, 6.21961e-09
71.60000, -8.88074e-09
71.80000, 1.18596e-08
72.00000, -1.50574e-08
72.20000, 1.79742e-08
72.40000, -1.98143e-08
72.60000, 1.99908e-08
72.80000, -1.86345e-08
73.00000, 1.64574e-08
73.20000, -1.40673e-08
73.40000, 1.15854e-08
73.60000, -9.00048e-09
73.80000, 6.66584e-09
74.00000, -5.19090e-09
74.20000, 4.84440e-09
74.40000, -5.24018e-09
74.60000, 5.72652e-09
74.80000, -6.04953e-09
75.00000, 6.53058e-09
75.20000, -7.55357e-09
75.40000, 8.95950e-09
75.60000, -1.00476e-08
75.80000, 1.01662e-08
76.00000, -9.23184e-09
76.20000, 7.69873e-09
76.40000, -6.16251e-09
76.60000, 5.04657e-09
76.80000, -4.51195e-09
77.00000, 4.45044e-09
77.20000, -4.50225e-09
77.40000, 4.16740e-09
77.60000, -3.01303e-09
77.80000, 8.93479e-10
78.00000, 1.90998e-09
78.20000, -4.74101e-09
78.40000, 6.86677e-09
78.60000, -7.87085e-09
78.80000, 7.84738e-09
79.00000, -7.23554e-09
79.20000, 6.43400e-09
79.40000, -5.54104e-09
79.60000, 4.46594e-09
79.80000, -3.25632e-09
80.00000, 2.20335e-09
80.20000, -1.56892e-09
80.40000, 1.31683e-09
80.60000, -1.23019e-09
80.80000, 1.23538e-09
81.00000, -1.48042e-09
81.20000, 2.09540e-09
81.40000, -2.96574e-09
81.60000, 3.75996e-09
81.80000, -4.14069e-09
82.00000, 3.95956e-09
82.20000, -3.30550e-09
82.40000, 2.40567e-09
82.60000, -1.48563e-09
82.80000, 6.96101e-10
83.00000, -1.13758e-10
83.20000, -2.37350e-10
83.40000, 3.68721e-10
83.60000, -3.09481e-10
83.80000, 9.44603e-11
84.00000, 2.28682e-10
84.20000, -5.80807e-10
84.40000, 8.47683e-10
84.60000, -9.07629e-10
84.80000, 6.74516e-10
85.00000, -1.27513e-10
85.20000, -6.74758e-10
85.40000, 1.57326e-09
85.60000, -2.28195e-09
85.80000, 2.41763e-09
86.00000, -1.66397e-09
86.20000, 2.92705e-11
86.40000, 2.01475e-09
86.60000, -3.70250e-09
86.80000, 4.37381e-09
87.00000, -3.82259e-09
87.20000, 2.38575e-09
87.40000, -7.41475e-10
87.60000, -4.73439e-10
87.80000, 9.92373e-10
88.00000, -9.52944e-10
88.20000, 6.40557e-10
88.40000, -2.23028e-10
88.60000, -2.75435e-10
88.80000, 8.06419e-10
89.00000, -1.15321e-09
89.20000, 8.66518e-10
89.40000, 9.16284e-10
89.60000, -5.74257e-09
89.80000, 1.50885e-08
90.00000, -2.63564e-08
90.20000, 2.54972e-08
90.40000, 1.60254e-08
90.60000, -1.26125e-07
90.80000, 2.98468e-07
91.00000, -4.71607e-07
91.20000, 5.58630e-07
91.40000, -5.14210e-07
91.60000, 3.72246e-07
91.80000, -2.13046e-07
92.00000, 9.86649e-08
92.20000, -4.16649e-08
92.40000, 2.16847e-08
92.60000, -1.55804e-08
92.80000, 1.17718e-08
93.00000, -8.12756e-09
93.20000, 5.50285e-09
93.40000, -4.19220e-09
93.60000, 3.54781e-09
93.80000, -2.74973e-09
94.00000, 1.40252e-09
94.20000, 3.56593e-10
94.40000, -2.06357e-09
94.60000, 3.21481e-09
94.80000, -3.51349e-09
95.00000, 3.01349e-09
95.20000, -2.08405e-09
95.40000, 1.18184e-09
95.60000, -5.91247e-10
95.80000, 3.47423e-10
96.00000, -3.57526e-10
96.20000, 5.33084e-10
96.40000, -8.05322e-10
96.60000, 1.08394e-09
96.80000, -1.26572e-09
97.00000, 1.29750e-09
97.20000, -1.21982e-09
97.40000, 1.14008e-09
97.60000, -1.15556e-09
97.80000, 1.28755e-09
98.00000, -1.46522e-09
98.20000, 1.55714e-09
98.40000, -1.43480e-09
98.60000, 1.04521e-09
98.80000, -4.50555e-10
99.00000, -1.99766e-10
99.20000, 7.47294e-10
99.40000, -1.09720e-09
99.60000, 1.24811e-09
99.80000, -1.27442e-09
100.00000, 1.26921e-09
