# Time(ps) Norm. Int.(No Units) 
0.000000 1.000000 
0.005000 0.496722 
0.010000 -0.165002 
0.015000 -0.130034 
0.020000 0.120536 
0.025000 -0.027045 
0.030000 -0.124851 
0.035000 0.112806 
0.040000 0.198978 
0.045000 0.003885 
0.050000 -0.062249 
0.055000 0.067951 
0.060000 0.026772 
0.065000 -0.072358 
0.070000 -0.025488 
0.075000 0.052326 
0.080000 -0.019986 
0.085000 -0.043781 
0.090000 0.048400 
0.095000 0.064094 
0.100000 -0.006578 
0.105000 -0.008239 
0.110000 0.043245 
0.115000 -0.053110 
0.120000 -0.163515 
0.125000 -0.092778 
0.130000 0.110043 
0.135000 0.125896 
0.140000 -0.032043 
0.145000 -0.091719 
0.150000 0.037876 
0.155000 0.130838 
0.160000 0.059057 
0.165000 -0.005552 
0.170000 -0.021246 
0.175000 -0.050647 
0.180000 -0.089811 
0.185000 -0.006110 
0.190000 0.066296 
0.195000 0.032801 
0.200000 0.000535 
0.205000 0.062094 
0.210000 0.069904 
0.215000 -0.026467 
0.220000 -0.048809 
0.225000 -0.000878 
0.230000 0.019439 
0.235000 0.003346 
0.240000 0.025193 
0.245000 -0.029673 
0.250000 -0.093085 
0.255000 -0.005693 
0.260000 0.144181 
0.265000 0.087971 
0.270000 -0.089390 
0.275000 -0.101551 
0.280000 -0.012222 
0.285000 0.011283 
0.290000 -0.015427 
0.295000 0.007150 
0.300000 -0.015239 
0.305000 -0.035367 
0.310000 0.010555 
0.315000 0.040872 
0.320000 -0.022980 
0.325000 -0.031978 
0.330000 0.046159 
0.335000 0.007684 
0.340000 -0.086486 
0.345000 -0.023410 
0.350000 0.117468 
0.355000 0.045366 
0.360000 -0.075918 
0.365000 -0.002614 
0.370000 0.107892 
0.375000 0.005718 
0.380000 -0.107435 
0.385000 -0.011334 
0.390000 0.087370 
0.395000 0.009019 
0.400000 -0.104370 
0.405000 -0.075353 
0.410000 -0.012770 
0.415000 0.029791 
0.420000 0.063840 
0.425000 0.069557 
0.430000 -0.007935 
0.435000 -0.077126 
0.440000 -0.058273 
0.445000 -0.015006 
0.450000 0.000507 
0.455000 -0.004861 
0.460000 0.001648 
0.465000 -0.015715 
0.470000 -0.024415 
0.475000 -0.025979 
0.480000 -0.022499 
0.485000 -0.024384 
0.490000 -0.000544 
0.495000 0.034035 
0.500000 0.040637 
0.505000 0.035179 
0.510000 0.030746 
0.515000 0.031098 
0.520000 -0.002431 
0.525000 -0.037163 
0.530000 -0.053469 
0.535000 -0.025395 
0.540000 0.007500 
0.545000 0.016983 
0.550000 0.001568 
0.555000 -0.012195 
0.560000 -0.009236 
0.565000 -0.010005 
0.570000 0.000253 
0.575000 0.011352 
0.580000 0.027668 
0.585000 0.022070 
0.590000 0.004681 
0.595000 -0.027893 
0.600000 -0.032065 
0.605000 0.009409 
0.610000 0.036320 
0.615000 -0.002132 
0.620000 -0.044193 
0.625000 -0.003452 
0.630000 0.030942 
0.635000 -0.003009 
0.640000 -0.032632 
0.645000 0.017350 
0.650000 0.032555 
0.655000 -0.026292 
0.660000 -0.051167 
0.665000 -0.009099 
0.670000 0.008315 
0.675000 -0.002054 
0.680000 0.035455 
0.685000 0.048175 
0.690000 -0.006920 
0.695000 -0.041764 
0.700000 0.003802 
0.705000 0.014363 
0.710000 -0.015223 
0.715000 0.007720 
0.720000 0.043523 
0.725000 -0.001282 
0.730000 -0.046717 
0.735000 0.001382 
0.740000 0.021974 
0.745000 -0.030371 
0.750000 -0.038356 
0.755000 0.031208 
0.760000 0.032690 
0.765000 -0.015818 
0.770000 -0.001964 
0.775000 0.027593 
0.780000 -0.012995 
0.785000 -0.036705 
0.790000 0.023036 
0.795000 0.037245 
0.800000 -0.018865 
0.805000 -0.030590 
0.810000 0.020436 
0.815000 0.011555 
0.820000 -0.024107 
0.825000 -0.001007 
0.830000 0.026245 
0.835000 -0.010506 
0.840000 -0.034320 
0.845000 0.007315 
0.850000 0.016863 
0.855000 -0.019394 
0.860000 -0.021609 
0.865000 0.022962 
0.870000 0.019343 
0.875000 -0.014199 
0.880000 -0.011833 
0.885000 0.011586 
0.890000 0.006747 
0.895000 0.000447 
0.900000 0.019848 
0.905000 0.005887 
0.910000 -0.040856 
0.915000 -0.048428 
0.920000 0.012714 
0.925000 0.042123 
0.930000 0.012199 
0.935000 -0.006538 
0.940000 0.015484 
0.945000 0.006565 
0.950000 -0.037138 
0.955000 -0.028364 
0.960000 0.018508 
0.965000 0.020180 
0.970000 -0.018233 
0.975000 -0.004913 
0.980000 0.021370 
0.985000 0.000198 
0.990000 -0.023841 
0.995000 0.004573 
1.000000 0.013678 
1.005000 -0.021294 
1.010000 -0.008068 
1.015000 0.041196 
1.020000 0.023220 
1.025000 -0.038677 
1.030000 -0.017987 
1.035000 0.024963 
1.040000 -0.008231 
1.045000 -0.045120 
1.050000 0.008265 
1.055000 0.045901 
1.060000 -0.002242 
1.065000 -0.022067 
1.070000 0.020184 
1.075000 0.014834 
1.080000 -0.043351 
1.085000 -0.025492 
1.090000 0.030920 
1.095000 0.021469 
1.100000 -0.013105 
1.105000 0.012903 
1.110000 0.022763 
1.115000 -0.028793 
1.120000 -0.038326 
1.125000 0.014132 
1.130000 0.018535 
1.135000 -0.032617 
1.140000 -0.018210 
1.145000 0.033105 
1.150000 0.024623 
1.155000 -0.013856 
1.160000 0.000428 
1.165000 0.008015 
1.170000 -0.031399 
1.175000 -0.029604 
1.180000 0.032263 
1.185000 0.044032 
1.190000 -0.017134 
1.195000 -0.028387 
1.200000 0.014208 
1.205000 0.014640 
1.210000 -0.028737 
1.215000 -0.020448 
1.220000 0.018145 
1.225000 0.013183 
1.230000 -0.013603 
1.235000 -0.009536 
1.240000 0.003328 
1.245000 -0.007265 
1.250000 -0.004526 
1.255000 0.008975 
1.260000 0.003630 
1.265000 -0.012574 
1.270000 0.001374 
1.275000 0.011139 
1.280000 -0.012479 
1.285000 -0.024534 
1.290000 0.003767 
1.295000 0.018761 
1.300000 -0.011542 
1.305000 -0.023724 
1.310000 -0.000199 
1.315000 0.010424 
1.320000 -0.011585 
1.325000 -0.011837 
1.330000 0.007480 
1.335000 0.005433 
1.340000 -0.011949 
1.345000 -0.010037 
1.350000 -0.002067 
1.355000 -0.009749 
1.360000 -0.000653 
1.365000 0.021266 
1.370000 0.015137 
1.375000 -0.015936 
1.380000 -0.008050 
1.385000 0.016682 
1.390000 -0.003041 
1.395000 -0.036409 
1.400000 -0.010282 
1.405000 0.034448 
1.410000 0.016498 
1.415000 -0.019774 
1.420000 -0.011201 
1.425000 0.006582 
1.430000 -0.013282 
1.435000 -0.012851 
1.440000 0.019577 
1.445000 0.015587 
1.450000 -0.026390 
1.455000 -0.022058 
1.460000 0.018936 
1.465000 0.013189 
1.470000 -0.014914 
1.475000 -0.001891 
1.480000 0.018861 
1.485000 -0.008172 
1.490000 -0.024170 
1.495000 0.000955 
1.500000 0.007863 
1.505000 -0.018823 
1.510000 -0.011620 
1.515000 0.020562 
1.520000 0.010250 
1.525000 -0.013420 
1.530000 0.001176 
1.535000 0.014008 
1.540000 -0.016240 
1.545000 -0.021481 
1.550000 0.015481 
1.555000 0.020568 
1.560000 -0.016079 
1.565000 -0.012657 
1.570000 0.021770 
1.575000 0.007328 
1.580000 -0.029644 
1.585000 -0.016459 
1.590000 0.019335 
1.595000 0.008939 
1.600000 -0.011179 
1.605000 0.000481 
1.610000 0.011675 
1.615000 -0.005665 
1.620000 -0.011047 
1.625000 0.006555 
1.630000 0.008570 
1.635000 -0.005350 
1.640000 -0.007054 
1.645000 0.000489 
1.650000 -0.005460 
1.655000 -0.005132 
1.660000 0.007325 
1.665000 0.010041 
1.670000 -0.004392 
1.675000 -0.007311 
1.680000 0.000653 
1.685000 -0.003399 
1.690000 -0.007446 
1.695000 0.006539 
1.700000 0.016628 
1.705000 -0.004899 
1.710000 -0.020933 
1.715000 -0.003258 
1.720000 0.017773 
1.725000 0.007146 
1.730000 -0.003900 
1.735000 0.006791 
1.740000 0.007375 
1.745000 -0.013139 
1.750000 -0.016329 
1.755000 0.007392 
1.760000 0.012468 
1.765000 -0.000460 
1.770000 0.001640 
1.775000 0.010192 
1.780000 -0.007956 
1.785000 -0.019819 
1.790000 0.005016 
1.795000 0.022428 
1.800000 0.001871 
1.805000 -0.009361 
1.810000 0.010106 
1.815000 0.003190 
1.820000 -0.027571 
1.825000 -0.016445 
1.830000 0.028897 
1.835000 0.025744 
1.840000 -0.014078 
1.845000 -0.016921 
1.850000 0.006123 
1.855000 -0.001198 
1.860000 -0.016084 
1.865000 0.003602 
1.870000 0.017826 
1.875000 -0.000944 
1.880000 -0.012852 
1.885000 0.002956 
1.890000 0.003849 
1.895000 -0.009943 
1.900000 -0.003025 
1.905000 0.010902 
1.910000 -0.000409 
1.915000 -0.010994 
1.920000 0.006107 
1.925000 0.012609 
1.930000 -0.007042 
1.935000 -0.013317 
1.940000 0.007254 
1.945000 0.009497 
1.950000 -0.009034 
1.955000 -0.010574 
1.960000 0.004423 
1.965000 0.004766 
1.970000 -0.003038 
1.975000 0.002801 
1.980000 0.006323 
1.985000 -0.003018 
1.990000 -0.008606 
1.995000 -0.000089 
2.000000 0.002691 
2.005000 -0.000927 
2.010000 0.000127 
2.015000 0.001773 
2.020000 -0.004242 
2.025000 -0.005793 
2.030000 0.003772 
2.035000 0.006146 
2.040000 -0.001212 
2.045000 -0.002793 
2.050000 0.005746 
2.055000 0.004601 
2.060000 -0.005385 
2.065000 -0.009212 
2.070000 -0.003712 
2.075000 -0.000333 
2.080000 0.000508 
2.085000 0.004731 
2.090000 0.005533 
2.095000 -0.000293 
2.100000 -0.005597 
2.105000 -0.001438 
2.110000 0.002300 
2.115000 0.001556 
2.120000 0.000807 
2.125000 0.002138 
2.130000 -0.002238 
2.135000 -0.007455 
2.140000 -0.001394 
2.145000 0.006232 
2.150000 0.000808 
2.155000 -0.007868 
2.160000 0.000695 
2.165000 0.009398 
2.170000 -0.000897 
2.175000 -0.013073 
2.180000 -0.003257 
2.185000 0.008525 
2.190000 0.001685 
2.195000 -0.004428 
2.200000 0.003153 
2.205000 0.003796 
2.210000 -0.010278 
2.215000 -0.010393 
2.220000 0.005225 
2.225000 0.010202 
2.230000 -0.000033 
2.235000 -0.002073 
2.240000 0.002751 
2.245000 -0.000192 
2.250000 -0.004539 
2.255000 -0.000924 
2.260000 0.002501 
2.265000 -0.001300 
2.270000 -0.001983 
2.275000 0.000387 
2.280000 0.000876 
2.285000 -0.000699 
2.290000 -0.000882 
2.295000 -0.002236 
2.300000 -0.000045 
2.305000 0.006578 
2.310000 0.004797 
2.315000 -0.005220 
2.320000 -0.006638 
2.325000 0.001505 
2.330000 -0.000499 
2.335000 -0.004527 
2.340000 0.004928 
2.345000 0.011900 
2.350000 -0.002237 
2.355000 -0.011505 
2.360000 0.001803 
2.365000 0.007834 
2.370000 -0.005815 
2.375000 -0.007163 
2.380000 0.010579 
2.385000 0.009159 
2.390000 -0.009960 
2.395000 -0.010358 
2.400000 0.005094 
2.405000 0.002489 
2.410000 -0.007468 
2.415000 0.001724 
2.420000 0.012275 
2.425000 0.001634 
2.430000 -0.010037 
2.435000 -0.002349 
2.440000 0.004264 
2.445000 -0.000806 
2.450000 -0.002117 
2.455000 0.003892 
2.460000 0.000142 
2.465000 -0.007241 
2.470000 -0.001808 
2.475000 0.006363 
2.480000 0.001230 
2.485000 -0.005432 
2.490000 0.001559 
2.495000 0.005904 
2.500000 -0.003652 
2.505000 -0.009669 
2.510000 0.002268 
2.515000 0.011386 
2.520000 0.003116 
2.525000 -0.005715 
2.530000 -0.001162 
2.535000 0.002464 
2.540000 -0.004520 
2.545000 -0.006099 
2.550000 0.002654 
2.555000 0.006772 
2.560000 0.000722 
2.565000 -0.000968 
2.570000 0.001709 
2.575000 -0.000215 
2.580000 -0.002943 
2.585000 -0.000043 
2.590000 0.000217 
2.595000 -0.003697 
2.600000 0.000843 
2.605000 0.007309 
2.610000 0.000716 
2.615000 -0.008041 
2.620000 0.000447 
2.625000 0.008197 
2.630000 -0.002104 
2.635000 -0.009374 
2.640000 0.001842 
2.645000 0.007067 
2.650000 -0.003371 
2.655000 -0.003115 
2.660000 0.007862 
2.665000 0.003894 
2.670000 -0.007500 
2.675000 0.000137 
2.680000 0.008732 
2.685000 -0.003032 
2.690000 -0.010322 
2.695000 0.004200 
2.700000 0.009153 
2.705000 -0.005675 
2.710000 -0.005386 
2.715000 0.009861 
2.720000 0.004327 
2.725000 -0.013092 
2.730000 -0.003643 
2.735000 0.014090 
2.740000 0.003833 
2.745000 -0.012176 
2.750000 -0.001198 
2.755000 0.010196 
2.760000 -0.003038 
2.765000 -0.010834 
2.770000 0.003806 
2.775000 0.009984 
2.780000 -0.004263 
2.785000 -0.007889 
2.790000 0.003315 
2.795000 0.003650 
2.800000 -0.005616 
2.805000 -0.001675 
2.810000 0.007462 
2.815000 0.002740 
2.820000 -0.005006 
2.825000 -0.001884 
2.830000 0.001180 
2.835000 -0.003737 
2.840000 -0.002374 
2.845000 0.005481 
2.850000 0.004235 
2.855000 -0.004421 
2.860000 -0.003412 
2.865000 0.002656 
2.870000 0.000081 
2.875000 -0.002899 
2.880000 0.003675 
2.885000 0.006742 
2.890000 -0.002735 
2.895000 -0.006365 
2.900000 0.002289 
2.905000 0.004462 
2.910000 -0.004449 
2.915000 -0.003929 
2.920000 0.004875 
2.925000 0.001914 
2.930000 -0.006060 
2.935000 0.000317 
2.940000 0.008071 
2.945000 -0.001603 
2.950000 -0.008103 
2.955000 0.004065 
2.960000 0.009502 
2.965000 -0.005346 
2.970000 -0.009482 
2.975000 0.005341 
2.980000 0.006701 
2.985000 -0.007516 
2.990000 -0.004480 
2.995000 0.009872 
3.000000 0.002565 
3.005000 -0.011445 
3.010000 -0.001782 
3.015000 0.011096 
3.020000 -0.000399 
3.025000 -0.009873 
3.030000 0.002823 
3.035000 0.008382 
3.040000 -0.005684 
3.045000 -0.007485 
3.050000 0.007422 
3.055000 0.006596 
3.060000 -0.006162 
3.065000 -0.002403 
3.070000 0.006920 
3.075000 -0.002753 
3.080000 -0.010999 
3.085000 0.001785 
3.090000 0.010534 
3.095000 -0.000543 
3.100000 -0.005104 
3.105000 0.004991 
3.110000 0.002756 
3.115000 -0.010578 
3.120000 -0.006860 
3.125000 0.008153 
3.130000 0.005614 
3.135000 -0.005294 
3.140000 -0.000982 
3.145000 0.006550 
3.150000 -0.001947 
3.155000 -0.009931 
3.160000 -0.000816 
3.165000 0.007529 
3.170000 0.001112 
3.175000 -0.004712 
3.180000 0.000552 
3.185000 0.002902 
3.190000 -0.002367 
3.195000 -0.003201 
3.200000 0.002231 
3.205000 0.002489 
3.210000 -0.001866 
3.215000 -0.002087 
3.220000 -0.000365 
3.225000 -0.001606 
3.230000 -0.001519 
3.235000 0.002440 
3.240000 0.002638 
3.245000 -0.001392 
3.250000 -0.001981 
3.255000 0.000823 
3.260000 -0.000069 
3.265000 -0.001751 
3.270000 0.001031 
3.275000 0.002451 
3.280000 -0.001260 
3.285000 -0.002337 
3.290000 0.001599 
3.295000 0.000851 
3.300000 -0.003514 
3.305000 -0.001490 
3.310000 0.003542 
3.315000 0.000889 
3.320000 -0.002984 
3.325000 0.000622 
3.330000 0.002232 
3.335000 -0.003728 
3.340000 -0.003949 
3.345000 0.004580 
3.350000 0.004329 
3.355000 -0.005149 
3.360000 -0.005297 
3.365000 0.003049 
3.370000 0.002085 
3.375000 -0.003766 
3.380000 0.000165 
3.385000 0.005373 
3.390000 -0.000202 
3.395000 -0.005154 
3.400000 -0.000336 
3.405000 0.001563 
3.410000 -0.002909 
3.415000 -0.001143 
3.420000 0.004921 
3.425000 0.001712 
3.430000 -0.004129 
3.435000 -0.000995 
3.440000 0.001495 
3.445000 -0.003638 
3.450000 -0.002665 
3.455000 0.006183 
3.460000 0.004066 
3.465000 -0.006574 
3.470000 -0.004564 
3.475000 0.005188 
3.480000 0.001493 
3.485000 -0.006551 
3.490000 -0.000192 
3.495000 0.007152 
3.500000 -0.001032 
3.505000 -0.007661 
3.510000 0.001190 
3.515000 0.006160 
3.520000 -0.002512 
3.525000 -0.004898 
3.530000 0.004295 
3.535000 0.004032 
3.540000 -0.006002 
3.545000 -0.004771 
3.550000 0.004913 
3.555000 0.003309 
3.560000 -0.004000 
3.565000 -0.000487 
3.570000 0.004560 
3.575000 -0.001665 
3.580000 -0.006456 
3.585000 0.000933 
3.590000 0.005299 
3.595000 -0.001429 
3.600000 -0.003949 
3.605000 0.002629 
3.610000 0.002909 
3.615000 -0.004222 
3.620000 -0.003249 
3.625000 0.003870 
3.630000 0.002488 
3.635000 -0.003498 
3.640000 -0.000971 
3.645000 0.003633 
3.650000 -0.000218 
3.655000 -0.004250 
3.660000 0.000110 
3.665000 0.003309 
3.670000 -0.000777 
3.675000 -0.002519 
3.680000 0.001028 
3.685000 0.000922 
3.690000 -0.002552 
3.695000 -0.000894 
3.700000 0.002201 
3.705000 -0.000319 
3.710000 -0.002480 
3.715000 0.001012 
3.720000 0.001887 
3.725000 -0.002718 
3.730000 -0.002755 
3.735000 0.002495 
3.740000 0.002500 
3.745000 -0.001851 
3.750000 -0.000953 
3.755000 0.001738 
3.760000 -0.000934 
3.765000 -0.002902 
3.770000 0.000974 
3.775000 0.002345 
3.780000 -0.001527 
3.785000 -0.001561 
3.790000 0.001826 
3.795000 -0.000124 
3.800000 -0.003428 
3.805000 0.000183 
3.810000 0.003019 
3.815000 -0.001580 
3.820000 -0.003102 
3.825000 0.003106 
3.830000 0.003737 
3.835000 -0.003467 
3.840000 -0.003510 
3.845000 0.003522 
3.850000 0.002395 
3.855000 -0.004348 
3.860000 -0.002107 
3.865000 0.003698 
3.870000 0.000389 
3.875000 -0.004077 
3.880000 0.000915 
3.885000 0.004704 
3.890000 -0.001224 
3.895000 -0.004716 
3.900000 0.000727 
3.905000 0.002899 
3.910000 -0.002115 
3.915000 -0.002371 
3.920000 0.003040 
3.925000 0.002813 
3.930000 -0.002160 
3.935000 -0.001757 
3.940000 0.001517 
3.945000 -0.000096 
3.950000 -0.002415 
3.955000 0.000148 
3.960000 0.001983 
3.965000 -0.000821 
3.970000 -0.001858 
3.975000 0.000908 
3.980000 0.001168 
3.985000 -0.001494 
3.990000 -0.000886 
3.995000 0.001636 
4.000000 0.000396 
4.005000 -0.002018 
4.010000 -0.000559 
4.015000 0.001399 
4.020000 -0.000182 
4.025000 -0.001225 
4.030000 0.000834 
4.035000 0.001458 
4.040000 -0.000900 
4.045000 -0.001385 
4.050000 0.000423 
4.055000 0.000236 
4.060000 -0.001135 
4.065000 -0.000107 
4.070000 0.001127 
4.075000 -0.000344 
4.080000 -0.001144 
4.085000 0.000592 
4.090000 0.000799 
4.095000 -0.001436 
4.100000 -0.001379 
4.105000 0.000817 
4.110000 0.000588 
4.115000 -0.000998 
4.120000 -0.000092 
4.125000 0.001107 
4.130000 -0.000192 
4.135000 -0.000704 
4.140000 0.000745 
4.145000 0.000084 
4.150000 -0.002118 
4.155000 -0.000699 
4.160000 0.002078 
4.165000 0.000536 
4.170000 -0.002019 
4.175000 -0.000151 
4.180000 0.001815 
4.185000 -0.000608 
4.190000 -0.001988 
4.195000 0.000830 
4.200000 0.001725 
4.205000 -0.001184 
4.210000 -0.001390 
4.215000 0.001358 
4.220000 0.000841 
4.225000 -0.001710 
4.230000 -0.000631 
4.235000 0.001483 
4.240000 -0.000030 
4.245000 -0.001466 
4.250000 0.000345 
4.255000 0.000968 
4.260000 -0.001234 
4.265000 -0.001120 
4.270000 0.001370 
4.275000 0.000988 
4.280000 -0.001276 
4.285000 -0.000637 
4.290000 0.000899 
4.295000 -0.000358 
4.300000 -0.001331 
4.305000 0.000404 
4.310000 0.001016 
4.315000 -0.000831 
4.320000 -0.000874 
4.325000 0.000873 
4.330000 0.000267 
4.335000 -0.001433 
4.340000 -0.000243 
4.345000 0.001393 
4.350000 -0.000146 
4.355000 -0.001544 
4.360000 0.000262 
4.365000 0.001486 
4.370000 -0.000345 
4.375000 -0.001209 
4.380000 0.000423 
4.385000 0.000664 
4.390000 -0.001071 
4.395000 -0.000925 
4.400000 0.000767 
4.405000 0.000435 
4.410000 -0.000817 
4.415000 0.000047 
4.420000 0.001096 
4.425000 -0.000297 
4.430000 -0.001360 
4.435000 0.000185 
4.440000 0.001222 
4.445000 -0.000256 
4.450000 -0.001031 
4.455000 0.000303 
4.460000 0.000695 
4.465000 -0.000538 
4.470000 -0.000561 
4.475000 0.000529 
4.480000 0.000121 
4.485000 -0.000885 
4.490000 -0.000206 
4.495000 0.000773 
4.500000 0.000138 
4.505000 -0.000408 
4.510000 0.000226 
4.515000 0.000136 
4.520000 -0.000804 
4.525000 -0.000341 
4.530000 0.000826 
4.535000 0.000221 
4.540000 -0.000814 
4.545000 0.000020 
4.550000 0.000867 
4.555000 -0.000298 
4.560000 -0.001114 
4.565000 0.000032 
4.570000 0.000725 
4.575000 -0.000111 
4.580000 -0.000280 
4.585000 0.000388 
4.590000 -0.000058 
4.595000 -0.000813 
4.600000 -0.000095 
4.605000 0.000693 
4.610000 0.000030 
4.615000 -0.000389 
4.620000 0.000267 
4.625000 0.000205 
4.630000 -0.000591 
4.635000 -0.000176 
4.640000 0.000685 
4.645000 0.000053 
4.650000 -0.000720 
4.655000 0.000066 
4.660000 0.000625 
4.665000 -0.000350 
4.670000 -0.000663 
4.675000 0.000493 
4.680000 0.000688 
4.685000 -0.000516 
4.690000 -0.000631 
4.695000 0.000403 
4.700000 0.000302 
4.705000 -0.000608 
4.710000 -0.000301 
4.715000 0.000599 
4.720000 0.000314 
4.725000 -0.000418 
4.730000 -0.000234 
4.735000 0.000174 
4.740000 -0.000075 
4.745000 -0.000253 
4.750000 0.000055 
4.755000 0.000150 
4.760000 -0.000065 
4.765000 -0.000006 
4.770000 0.000108 
4.775000 -0.000167 
4.780000 -0.000296 
4.785000 0.000089 
4.790000 0.000270 
4.795000 -0.000100 
4.800000 -0.000224 
4.805000 0.000149 
4.810000 0.000232 
4.815000 -0.000143 
4.820000 -0.000212 
4.825000 0.000106 
4.830000 0.000135 
4.835000 -0.000110 
4.840000 -0.000092 
4.845000 0.000075 
4.850000 -0.000014 
4.855000 -0.000112 
4.860000 0.000033 
4.865000 0.000097 
4.870000 -0.000055 
4.875000 -0.000048 
4.880000 0.000096 
4.885000 0.000001 
4.890000 -0.000151 
4.895000 0.000014 
4.900000 0.000182 
4.905000 -0.000011 
4.910000 -0.000161 
4.915000 0.000035 
4.920000 0.000145 
4.925000 -0.000052 
4.930000 -0.000118 
4.935000 0.000064 
4.940000 0.000088 
4.945000 -0.000068 
4.950000 -0.000055 
4.955000 0.000070 
4.960000 0.000031 
4.965000 -0.000059 
4.970000 -0.000011 
4.975000 0.000050 
4.980000 0.000010 
4.985000 -0.000020 
4.990000 0.000000 
4.995000 0.000004 
