# Time(ps) Norm. Int.(No Units) 
0.000000 1.000000 
0.005000 0.752184 
0.010000 0.301576 
0.015000 0.075737 
0.020000 0.048800 
0.025000 -0.069553 
0.030000 -0.292028 
0.035000 -0.366650 
0.040000 -0.208136 
0.045000 0.003015 
0.050000 0.114459 
0.055000 0.156895 
0.060000 0.199838 
0.065000 0.222043 
0.070000 0.175048 
0.075000 0.089468 
0.080000 0.048993 
0.085000 0.070024 
0.090000 0.076345 
0.095000 0.029238 
0.100000 0.000502 
0.105000 0.033101 
0.110000 0.026481 
0.115000 -0.100062 
0.120000 -0.221920 
0.125000 -0.171829 
0.130000 -0.016456 
0.135000 0.041244 
0.140000 -0.010084 
0.145000 0.010959 
0.150000 0.158115 
0.155000 0.260042 
0.160000 0.185567 
0.165000 0.022434 
0.170000 -0.078187 
0.175000 -0.099196 
0.180000 -0.116881 
0.185000 -0.151598 
0.190000 -0.149611 
0.195000 -0.081078 
0.200000 0.017278 
0.205000 0.097048 
0.210000 0.140454 
0.215000 0.138724 
0.220000 0.086368 
0.225000 0.019611 
0.230000 -0.003476 
0.235000 0.005749 
0.240000 -0.028736 
0.245000 -0.107158 
0.250000 -0.114749 
0.255000 0.003150 
0.260000 0.124881 
0.265000 0.113691 
0.270000 0.014965 
0.275000 -0.023677 
0.280000 0.026397 
0.285000 0.054796 
0.290000 -0.005741 
0.295000 -0.085250 
0.300000 -0.086659 
0.305000 -0.018475 
0.310000 0.030992 
0.315000 0.023156 
0.320000 0.009708 
0.325000 0.030831 
0.330000 0.043011 
0.335000 0.001915 
0.340000 -0.047608 
0.345000 -0.045029 
0.350000 -0.018690 
0.355000 -0.020792 
0.360000 -0.018621 
0.365000 0.035413 
0.370000 0.084004 
0.375000 0.045487 
0.380000 -0.034655 
0.385000 -0.050212 
0.390000 -0.015052 
0.395000 -0.036745 
0.400000 -0.126714 
0.405000 -0.170922 
0.410000 -0.099990 
0.415000 0.018483 
0.420000 0.082976 
0.425000 0.078466 
0.430000 0.061256 
0.435000 0.066488 
0.440000 0.067913 
0.445000 0.025203 
0.450000 -0.053621 
0.455000 -0.118052 
0.460000 -0.136629 
0.465000 -0.123378 
0.470000 -0.100258 
0.475000 -0.066944 
0.480000 -0.018903 
0.485000 0.033364 
0.490000 0.074607 
0.495000 0.094486 
0.500000 0.086147 
0.505000 0.054853 
0.510000 0.022404 
0.515000 0.003286 
0.520000 -0.013924 
0.525000 -0.042686 
0.530000 -0.069493 
0.535000 -0.070257 
0.540000 -0.046731 
0.545000 -0.026398 
0.550000 -0.027272 
0.555000 -0.037073 
0.560000 -0.032705 
0.565000 -0.011796 
0.570000 0.008132 
0.575000 0.019332 
0.580000 0.031108 
0.585000 0.042607 
0.590000 0.036820 
0.595000 0.013481 
0.600000 -0.004632 
0.605000 -0.012812 
0.610000 -0.033532 
0.615000 -0.067412 
0.620000 -0.079103 
0.625000 -0.054038 
0.630000 -0.024944 
0.635000 -0.017850 
0.640000 -0.014286 
0.645000 0.007320 
0.650000 0.029951 
0.655000 0.024380 
0.660000 -0.007208 
0.665000 -0.034738 
0.670000 -0.036422 
0.675000 -0.021413 
0.680000 -0.016385 
0.685000 -0.028641 
0.690000 -0.033279 
0.695000 -0.011284 
0.700000 0.016933 
0.705000 0.021767 
0.710000 0.008462 
0.715000 -0.001110 
0.720000 -0.008626 
0.725000 -0.025321 
0.730000 -0.039923 
0.735000 -0.036442 
0.740000 -0.023679 
0.745000 -0.016812 
0.750000 -0.010570 
0.755000 0.004732 
0.760000 0.020774 
0.765000 0.023215 
0.770000 0.010136 
0.775000 -0.009535 
0.780000 -0.023342 
0.785000 -0.023465 
0.790000 -0.016748 
0.795000 -0.014918 
0.800000 -0.011749 
0.805000 0.006767 
0.810000 0.029769 
0.815000 0.031737 
0.820000 0.013925 
0.825000 -0.000747 
0.830000 -0.008772 
0.835000 -0.023153 
0.840000 -0.038404 
0.845000 -0.037799 
0.850000 -0.024927 
0.855000 -0.013273 
0.860000 0.000731 
0.865000 0.023877 
0.870000 0.043062 
0.875000 0.041643 
0.880000 0.022993 
0.885000 0.002223 
0.890000 -0.010317 
0.895000 -0.012900 
0.900000 -0.014261 
0.905000 -0.024970 
0.910000 -0.035389 
0.915000 -0.022600 
0.920000 0.009116 
0.925000 0.026631 
0.930000 0.019370 
0.935000 0.012852 
0.940000 0.018577 
0.945000 0.015831 
0.950000 -0.002744 
0.955000 -0.013673 
0.960000 -0.005465 
0.965000 0.002299 
0.970000 -0.005015 
0.975000 -0.015916 
0.980000 -0.015866 
0.985000 -0.006679 
0.990000 0.000749 
0.995000 -0.000629 
1.000000 -0.006043 
1.005000 -0.002061 
1.010000 0.012977 
1.015000 0.020756 
1.020000 0.011518 
1.025000 0.002729 
1.030000 0.007410 
1.035000 0.009086 
1.040000 -0.005698 
1.045000 -0.019662 
1.050000 -0.016918 
1.055000 -0.010658 
1.060000 -0.013278 
1.065000 -0.012559 
1.070000 -0.000098 
1.075000 0.010068 
1.080000 0.009404 
1.085000 0.010080 
1.090000 0.019454 
1.095000 0.026700 
1.100000 0.021706 
1.105000 0.006339 
1.110000 -0.012004 
1.115000 -0.023175 
1.120000 -0.019703 
1.125000 -0.009290 
1.130000 -0.007110 
1.135000 -0.011623 
1.140000 -0.007622 
1.145000 0.007280 
1.150000 0.020642 
1.155000 0.024619 
1.160000 0.018322 
1.165000 0.002713 
1.170000 -0.010780 
1.175000 -0.006252 
1.180000 0.008852 
1.185000 0.008973 
1.190000 -0.006307 
1.195000 -0.009085 
1.200000 0.006994 
1.205000 0.013932 
1.210000 -0.001167 
1.215000 -0.014155 
1.220000 -0.006390 
1.225000 0.006241 
1.230000 0.003258 
1.235000 -0.008494 
1.240000 -0.008965 
1.245000 0.004935 
1.250000 0.016663 
1.255000 0.013462 
1.260000 0.003551 
1.265000 0.002920 
1.270000 0.008875 
1.275000 0.004070 
1.280000 -0.011028 
1.285000 -0.015030 
1.290000 -0.002968 
1.295000 0.003212 
1.300000 -0.006001 
1.305000 -0.010010 
1.310000 0.004234 
1.315000 0.018242 
1.320000 0.013643 
1.325000 0.000486 
1.330000 -0.003650 
1.335000 -0.001109 
1.340000 -0.004623 
1.345000 -0.014050 
1.350000 -0.015808 
1.355000 -0.002417 
1.360000 0.014198 
1.365000 0.015682 
1.370000 0.004530 
1.375000 0.003226 
1.380000 0.017163 
1.385000 0.021069 
1.390000 0.000275 
1.395000 -0.020705 
1.400000 -0.015889 
1.405000 0.001920 
1.410000 0.006364 
1.415000 -0.001517 
1.420000 -0.004806 
1.425000 -0.001082 
1.430000 0.002141 
1.435000 0.003216 
1.440000 0.001733 
1.445000 -0.004024 
1.450000 -0.007560 
1.455000 -0.000602 
1.460000 0.010474 
1.465000 0.013243 
1.470000 0.009060 
1.475000 0.006543 
1.480000 0.004795 
1.485000 -0.000736 
1.490000 -0.007340 
1.495000 -0.012050 
1.500000 -0.016150 
1.505000 -0.016450 
1.510000 -0.007897 
1.515000 0.003684 
1.520000 0.008218 
1.525000 0.007554 
1.530000 0.008877 
1.535000 0.010128 
1.540000 0.007128 
1.545000 0.003383 
1.550000 0.000425 
1.555000 -0.006325 
1.560000 -0.013653 
1.565000 -0.011690 
1.570000 -0.003925 
1.575000 -0.003942 
1.580000 -0.010212 
1.585000 -0.008250 
1.590000 0.002209 
1.595000 0.006748 
1.600000 0.001858 
1.605000 -0.001791 
1.610000 0.000152 
1.615000 0.001230 
1.620000 -0.001961 
1.625000 -0.005658 
1.630000 -0.006216 
1.635000 -0.003401 
1.640000 0.000148 
1.645000 0.000432 
1.650000 -0.002671 
1.655000 -0.004282 
1.660000 -0.002916 
1.665000 -0.003135 
1.670000 -0.006088 
1.675000 -0.007372 
1.680000 -0.006439 
1.685000 -0.006046 
1.690000 -0.003214 
1.695000 0.004872 
1.700000 0.009903 
1.705000 0.003844 
1.710000 -0.004878 
1.715000 -0.004036 
1.720000 0.001507 
1.725000 -0.000545 
1.730000 -0.007910 
1.735000 -0.008806 
1.740000 -0.001958 
1.745000 0.003143 
1.750000 0.001170 
1.755000 -0.003537 
1.760000 -0.003785 
1.765000 0.001587 
1.770000 0.004913 
1.775000 -0.000437 
1.780000 -0.007795 
1.785000 -0.005618 
1.790000 0.002725 
1.795000 0.004272 
1.800000 0.000036 
1.805000 0.001366 
1.810000 0.004992 
1.815000 -0.001758 
1.820000 -0.012706 
1.825000 -0.009452 
1.830000 0.004569 
1.835000 0.007225 
1.840000 -0.004756 
1.845000 -0.011053 
1.850000 -0.002411 
1.855000 0.006823 
1.860000 0.004371 
1.865000 -0.003548 
1.870000 -0.006202 
1.875000 -0.003707 
1.880000 -0.003283 
1.885000 -0.007305 
1.890000 -0.009354 
1.895000 -0.003392 
1.900000 0.004933 
1.905000 0.004462 
1.910000 -0.002755 
1.915000 -0.002900 
1.920000 0.005270 
1.925000 0.006102 
1.930000 -0.005361 
1.935000 -0.012792 
1.940000 -0.006493 
1.945000 0.000072 
1.950000 -0.004713 
1.955000 -0.010006 
1.960000 -0.002861 
1.965000 0.008498 
1.970000 0.008840 
1.975000 0.000396 
1.980000 -0.003321 
1.985000 0.000010 
1.990000 0.000506 
1.995000 -0.005472 
2.000000 -0.009432 
2.005000 -0.005661 
2.010000 -0.000989 
2.015000 -0.002697 
2.020000 -0.005046 
2.025000 0.000932 
2.030000 0.009764 
2.035000 0.008312 
2.040000 -0.001948 
2.045000 -0.006050 
2.050000 0.000157 
2.055000 0.003997 
2.060000 -0.002071 
2.065000 -0.008811 
2.070000 -0.006682 
2.075000 -0.000309 
2.080000 0.001101 
2.085000 -0.001953 
2.090000 -0.002351 
2.095000 0.001476 
2.100000 0.003517 
2.105000 0.000109 
2.110000 -0.003376 
2.115000 -0.000426 
2.120000 0.004953 
2.125000 0.003361 
2.130000 -0.003578 
2.135000 -0.004655 
2.140000 0.000934 
2.145000 0.001133 
2.150000 -0.006481 
2.155000 -0.008394 
2.160000 0.000666 
2.165000 0.006907 
2.170000 0.001306 
2.175000 -0.005091 
2.180000 -0.001813 
2.185000 0.003323 
2.190000 0.000266 
2.195000 -0.005580 
2.200000 -0.005035 
2.205000 -0.001247 
2.210000 -0.001529 
2.215000 -0.003339 
2.220000 0.000046 
2.225000 0.006593 
2.230000 0.008038 
2.235000 0.002298 
2.240000 -0.003773 
2.245000 -0.003964 
2.250000 -0.000534 
2.255000 -0.000118 
2.260000 -0.003753 
2.265000 -0.005463 
2.270000 -0.001780 
2.275000 0.002792 
2.280000 0.003294 
2.285000 0.001864 
2.290000 0.002555 
2.295000 0.003579 
2.300000 0.001277 
2.305000 -0.002051 
2.310000 -0.001673 
2.315000 0.000646 
2.320000 -0.000805 
2.325000 -0.004891 
2.330000 -0.004067 
2.335000 0.002622 
2.340000 0.006069 
2.345000 0.001560 
2.350000 -0.002352 
2.355000 0.002199 
2.360000 0.008022 
2.365000 0.004443 
2.370000 -0.003768 
2.375000 -0.004113 
2.380000 0.001970 
2.385000 0.002293 
2.390000 -0.004046 
2.395000 -0.005880 
2.400000 -0.000588 
2.405000 0.002439 
2.410000 -0.000017 
2.415000 -0.000217 
2.420000 0.004717 
2.425000 0.007222 
2.430000 0.003072 
2.435000 -0.001420 
2.440000 -0.000179 
2.445000 0.003368 
2.450000 0.002230 
2.455000 -0.003625 
2.460000 -0.006954 
2.465000 -0.003372 
2.470000 0.001666 
2.475000 0.000610 
2.480000 -0.003450 
2.485000 -0.000942 
2.490000 0.006991 
2.495000 0.008414 
2.500000 0.001007 
2.505000 -0.002738 
2.510000 0.003016 
2.515000 0.006979 
2.520000 0.000652 
2.525000 -0.006903 
2.530000 -0.005135 
2.535000 0.000840 
2.540000 0.001021 
2.545000 -0.002486 
2.550000 -0.001303 
2.555000 0.003882 
2.560000 0.005115 
2.565000 0.000842 
2.570000 -0.001832 
2.575000 0.001117 
2.580000 0.004174 
2.585000 0.001472 
2.590000 -0.002868 
2.595000 -0.001065 
2.600000 0.004496 
2.605000 0.004223 
2.610000 -0.002051 
2.615000 -0.004095 
2.620000 0.000816 
2.625000 0.003049 
2.630000 -0.001874 
2.635000 -0.005221 
2.640000 -0.000641 
2.645000 0.005381 
2.650000 0.005434 
2.655000 0.002305 
2.660000 0.001903 
2.665000 0.003844 
2.670000 0.004151 
2.675000 0.001523 
2.680000 -0.001892 
2.685000 -0.003135 
2.690000 -0.001790 
2.695000 -0.000935 
2.700000 -0.002066 
2.705000 -0.001510 
2.710000 0.002673 
2.715000 0.005016 
2.720000 0.001818 
2.725000 -0.000708 
2.730000 0.002652 
2.735000 0.005530 
2.740000 0.001619 
2.745000 -0.002900 
2.750000 -0.000931 
2.755000 0.002103 
2.760000 -0.000884 
2.765000 -0.005031 
2.770000 -0.003209 
2.775000 0.000872 
2.780000 0.000567 
2.785000 -0.001909 
2.790000 -0.001138 
2.795000 0.001952 
2.800000 0.003420 
2.805000 0.002838 
2.810000 0.001939 
2.815000 0.001414 
2.820000 0.000926 
2.825000 -0.000476 
2.830000 -0.003020 
2.835000 -0.004262 
2.840000 -0.002168 
2.845000 0.000276 
2.850000 -0.000721 
2.855000 -0.002656 
2.860000 -0.001012 
2.865000 0.002300 
2.870000 0.002769 
2.875000 0.001633 
2.880000 0.002255 
2.885000 0.002901 
2.890000 0.000863 
2.895000 -0.001415 
2.900000 -0.001066 
2.905000 -0.000272 
2.910000 -0.001696 
2.915000 -0.003700 
2.920000 -0.003657 
2.925000 -0.001546 
2.930000 0.001145 
2.935000 0.002591 
2.940000 0.001749 
2.945000 0.000646 
2.950000 0.001960 
2.955000 0.003481 
2.960000 0.001141 
2.965000 -0.002764 
2.970000 -0.002745 
2.975000 -0.000173 
2.980000 -0.000321 
2.985000 -0.001917 
2.990000 -0.000393 
2.995000 0.002094 
3.000000 0.000919 
3.005000 -0.001438 
3.010000 -0.000629 
3.015000 0.000676 
3.020000 -0.001123 
3.025000 -0.002577 
3.030000 -0.000117 
3.035000 0.002597 
3.040000 0.001716 
3.045000 -0.000096 
3.050000 0.000248 
3.055000 0.000947 
3.060000 -0.000038 
3.065000 -0.001679 
3.070000 -0.002947 
3.075000 -0.003577 
3.080000 -0.002497 
3.085000 -0.000036 
3.090000 0.001148 
3.095000 0.000686 
3.100000 0.001203 
3.105000 0.002384 
3.110000 0.001004 
3.115000 -0.002013 
3.120000 -0.002413 
3.125000 -0.000669 
3.130000 -0.000924 
3.135000 -0.002725 
3.140000 -0.002270 
3.145000 -0.000252 
3.150000 -0.000223 
3.155000 -0.001329 
3.160000 -0.000283 
3.165000 0.001858 
3.170000 0.001588 
3.175000 -0.000685 
3.180000 -0.001571 
3.185000 -0.000212 
3.190000 0.001019 
3.195000 0.000265 
3.200000 -0.001509 
3.205000 -0.001886 
3.210000 -0.000432 
3.215000 0.000226 
3.220000 -0.001481 
3.225000 -0.002768 
3.230000 -0.000909 
3.235000 0.001503 
3.240000 0.000752 
3.245000 -0.001306 
3.250000 -0.000644 
3.255000 0.001744 
3.260000 0.002128 
3.265000 0.000638 
3.270000 -0.000170 
3.275000 -0.000373 
3.280000 -0.001348 
3.285000 -0.002268 
3.290000 -0.001828 
3.295000 -0.000868 
3.300000 -0.000660 
3.305000 -0.000869 
3.310000 -0.000449 
3.315000 0.001057 
3.320000 0.002838 
3.325000 0.002729 
3.330000 -0.000155 
3.335000 -0.002792 
3.340000 -0.002011 
3.345000 -0.000048 
3.350000 -0.001072 
3.355000 -0.003549 
3.360000 -0.002730 
3.365000 0.000728 
3.370000 0.001974 
3.375000 0.000471 
3.380000 -0.000048 
3.385000 0.001076 
3.390000 0.000962 
3.395000 -0.000906 
3.400000 -0.002060 
3.405000 -0.001572 
3.410000 -0.000893 
3.415000 -0.000836 
3.420000 -0.000621 
3.425000 0.000393 
3.430000 0.001380 
3.435000 0.000784 
3.440000 -0.001233 
3.445000 -0.002034 
3.450000 -0.000284 
3.455000 0.001099 
3.460000 -0.000567 
3.465000 -0.002584 
3.470000 -0.001256 
3.475000 0.001365 
3.480000 0.001202 
3.485000 -0.000526 
3.490000 -0.000303 
3.495000 0.000812 
3.500000 -0.000076 
3.505000 -0.001693 
3.510000 -0.001377 
3.515000 -0.000145 
3.520000 0.000043 
3.525000 0.000060 
3.530000 0.000858 
3.535000 0.001143 
3.540000 0.000360 
3.545000 -0.000156 
3.550000 -0.000099 
3.555000 -0.000348 
3.560000 -0.000629 
3.565000 -0.000510 
3.570000 -0.000869 
3.575000 -0.001508 
3.580000 -0.000592 
3.585000 0.001342 
3.590000 0.001396 
3.595000 -0.000220 
3.600000 -0.000333 
3.605000 0.000925 
3.610000 0.000420 
3.615000 -0.001423 
3.620000 -0.001271 
3.625000 0.000453 
3.630000 0.000481 
3.635000 -0.000805 
3.640000 -0.000464 
3.645000 0.000955 
3.650000 0.000666 
3.655000 -0.000813 
3.660000 -0.000864 
3.665000 0.000294 
3.670000 0.000412 
3.675000 -0.000652 
3.680000 -0.001061 
3.685000 -0.000119 
3.690000 0.000970 
3.695000 0.000826 
3.700000 -0.000447 
3.705000 -0.001206 
3.710000 -0.000439 
3.715000 0.000418 
3.720000 -0.000392 
3.725000 -0.001712 
3.730000 -0.001189 
3.735000 0.000634 
3.740000 0.001284 
3.745000 0.000553 
3.750000 0.000266 
3.755000 0.000776 
3.760000 0.000887 
3.765000 0.000360 
3.770000 -0.000102 
3.775000 -0.000416 
3.780000 -0.000897 
3.785000 -0.001388 
3.790000 -0.001508 
3.795000 -0.001001 
3.800000 -0.000004 
3.805000 0.000564 
3.810000 0.000068 
3.815000 -0.000253 
3.820000 0.000948 
3.825000 0.002132 
3.830000 0.001010 
3.835000 -0.001055 
3.840000 -0.001053 
3.845000 0.000320 
3.850000 0.000158 
3.855000 -0.001146 
3.860000 -0.001054 
3.865000 0.000059 
3.870000 0.000087 
3.875000 -0.000481 
3.880000 -0.000102 
3.885000 0.000293 
3.890000 -0.000512 
3.895000 -0.001066 
3.900000 -0.000094 
3.905000 0.000802 
3.910000 0.000260 
3.915000 -0.000284 
3.920000 0.000438 
3.925000 0.001177 
3.930000 0.000631 
3.935000 -0.000516 
3.940000 -0.001137 
3.945000 -0.001042 
3.950000 -0.000536 
3.955000 -0.000176 
3.960000 -0.000436 
3.965000 -0.000701 
3.970000 0.000037 
3.975000 0.001096 
3.980000 0.000878 
3.985000 -0.000246 
3.990000 -0.000492 
3.995000 0.000122 
4.000000 0.000029 
4.005000 -0.000770 
4.010000 -0.000803 
4.015000 0.000020 
4.020000 0.000392 
4.025000 0.000069 
4.030000 0.000019 
4.035000 0.000423 
4.040000 0.000428 
4.045000 -0.000225 
4.050000 -0.000687 
4.055000 -0.000288 
4.060000 0.000390 
4.065000 0.000239 
4.070000 -0.000646 
4.075000 -0.000855 
4.080000 0.000106 
4.085000 0.000691 
4.090000 -0.000260 
4.095000 -0.001366 
4.100000 -0.000862 
4.105000 0.000465 
4.110000 0.000697 
4.115000 -0.000092 
4.120000 -0.000368 
4.125000 0.000211 
4.130000 0.000675 
4.135000 0.000464 
4.140000 -0.000142 
4.145000 -0.000675 
4.150000 -0.000756 
4.155000 -0.000390 
4.160000 -0.000139 
4.165000 -0.000338 
4.170000 -0.000533 
4.175000 -0.000339 
4.180000 -0.000065 
4.185000 0.000084 
4.190000 0.000307 
4.195000 0.000413 
4.200000 0.000054 
4.205000 -0.000247 
4.210000 0.000138 
4.215000 0.000525 
4.220000 -0.000030 
4.225000 -0.000899 
4.230000 -0.000899 
4.235000 -0.000315 
4.240000 -0.000170 
4.245000 -0.000405 
4.250000 -0.000356 
4.255000 -0.000076 
4.260000 0.000067 
4.265000 0.000162 
4.270000 0.000310 
4.275000 0.000285 
4.280000 0.000055 
4.285000 -0.000156 
4.290000 -0.000293 
4.295000 -0.000357 
4.300000 -0.000262 
4.305000 -0.000185 
4.310000 -0.000337 
4.315000 -0.000379 
4.320000 -0.000043 
4.325000 0.000056 
4.330000 -0.000480 
4.335000 -0.000724 
4.340000 0.000017 
4.345000 0.000673 
4.350000 0.000203 
4.355000 -0.000435 
4.360000 -0.000009 
4.365000 0.000754 
4.370000 0.000553 
4.375000 -0.000273 
4.380000 -0.000624 
4.385000 -0.000466 
4.390000 -0.000410 
4.395000 -0.000541 
4.400000 -0.000582 
4.405000 -0.000390 
4.410000 0.000065 
4.415000 0.000508 
4.420000 0.000444 
4.425000 0.000006 
4.430000 -0.000039 
4.435000 0.000350 
4.440000 0.000324 
4.445000 -0.000233 
4.450000 -0.000439 
4.455000 -0.000123 
4.460000 -0.000086 
4.465000 -0.000413 
4.470000 -0.000317 
4.475000 0.000171 
4.480000 0.000150 
4.485000 -0.000396 
4.490000 -0.000501 
4.495000 0.000065 
4.500000 0.000450 
4.505000 0.000191 
4.510000 -0.000186 
4.515000 -0.000130 
4.520000 0.000201 
4.525000 0.000302 
4.530000 0.000011 
4.535000 -0.000304 
4.540000 -0.000242 
4.545000 0.000024 
4.550000 0.000002 
4.555000 -0.000278 
4.560000 -0.000316 
4.565000 -0.000048 
4.570000 0.000089 
4.575000 0.000009 
4.580000 0.000039 
4.585000 0.000153 
4.590000 0.000033 
4.595000 -0.000187 
4.600000 -0.000093 
4.605000 0.000191 
4.610000 0.000183 
4.615000 -0.000119 
4.620000 -0.000255 
4.625000 -0.000058 
4.630000 0.000166 
4.635000 0.000133 
4.640000 -0.000064 
4.645000 -0.000121 
4.650000 0.000054 
4.655000 0.000163 
4.660000 -0.000034 
4.665000 -0.000243 
4.670000 -0.000071 
4.675000 0.000214 
4.680000 0.000084 
4.685000 -0.000263 
4.690000 -0.000205 
4.695000 0.000156 
4.700000 0.000164 
4.705000 -0.000181 
4.710000 -0.000247 
4.715000 0.000050 
4.720000 0.000145 
4.725000 -0.000095 
4.730000 -0.000177 
4.735000 0.000073 
4.740000 0.000228 
4.745000 0.000047 
4.750000 -0.000155 
4.755000 -0.000077 
4.760000 0.000103 
4.765000 0.000054 
4.770000 -0.000186 
4.775000 -0.000267 
4.780000 -0.000052 
4.785000 0.000158 
4.790000 0.000081 
4.795000 -0.000095 
4.800000 -0.000034 
4.805000 0.000173 
4.810000 0.000167 
4.815000 -0.000040 
4.820000 -0.000106 
4.825000 0.000033 
4.830000 0.000089 
4.835000 -0.000041 
4.840000 -0.000128 
4.845000 -0.000046 
4.850000 0.000041 
4.855000 -0.000002 
4.860000 -0.000072 
4.865000 -0.000033 
4.870000 0.000067 
4.875000 0.000087 
4.880000 0.000013 
4.885000 -0.000027 
4.890000 0.000030 
4.895000 0.000071 
4.900000 -0.000000 
4.905000 -0.000087 
4.910000 -0.000057 
4.915000 0.000024 
4.920000 0.000012 
4.925000 -0.000051 
4.930000 -0.000029 
4.935000 0.000049 
4.940000 0.000054 
4.945000 -0.000003 
4.950000 -0.000008 
4.955000 0.000037 
4.960000 0.000040 
4.965000 -0.000004 
4.970000 -0.000023 
4.975000 -0.000002 
4.980000 0.000009 
4.985000 -0.000003 
4.990000 -0.000011 
4.995000 -0.000004 
