# Time(ps) Norm. Int.(No Units) 
0.000000 1.000000 
0.005000 0.682173 
0.010000 0.168579 
0.015000 0.000339 
0.020000 0.010493 
0.025000 -0.093341 
0.030000 -0.130213 
0.035000 0.027217 
0.040000 0.100102 
0.045000 -0.021428 
0.050000 -0.067943 
0.055000 0.029272 
0.060000 0.031355 
0.065000 -0.069823 
0.070000 -0.053445 
0.075000 0.041212 
0.080000 0.004757 
0.085000 -0.092475 
0.090000 -0.046896 
0.095000 0.071883 
0.100000 0.082457 
0.105000 0.029073 
0.110000 0.015760 
0.115000 -0.030592 
0.120000 -0.145266 
0.125000 -0.165956 
0.130000 -0.025615 
0.135000 0.088265 
0.140000 0.061316 
0.145000 0.030281 
0.150000 0.084293 
0.155000 0.106150 
0.160000 0.034711 
0.165000 -0.023077 
0.170000 -0.023763 
0.175000 -0.040401 
0.180000 -0.066627 
0.185000 -0.036389 
0.190000 0.002717 
0.195000 -0.014724 
0.200000 -0.013161 
0.205000 0.068020 
0.210000 0.119901 
0.215000 0.057411 
0.220000 -0.022452 
0.225000 -0.026309 
0.230000 -0.008042 
0.235000 -0.024821 
0.240000 -0.033716 
0.245000 0.006263 
0.250000 0.073883 
0.255000 0.130038 
0.260000 0.132104 
0.265000 0.053357 
0.270000 -0.056797 
0.275000 -0.109259 
0.280000 -0.088298 
0.285000 -0.050993 
0.290000 -0.039112 
0.295000 -0.053362 
0.300000 -0.070396 
0.305000 -0.053943 
0.310000 -0.005905 
0.315000 0.019305 
0.320000 0.006615 
0.325000 0.005760 
0.330000 0.015393 
0.335000 -0.021308 
0.340000 -0.069288 
0.345000 -0.030448 
0.350000 0.065448 
0.355000 0.098537 
0.360000 0.071928 
0.365000 0.070856 
0.370000 0.066641 
0.375000 -0.012825 
0.380000 -0.094414 
0.385000 -0.067195 
0.390000 0.009568 
0.395000 0.009082 
0.400000 -0.048066 
0.405000 -0.056808 
0.410000 -0.010881 
0.415000 0.025696 
0.420000 0.039628 
0.425000 0.046273 
0.430000 0.026377 
0.435000 -0.025379 
0.440000 -0.060717 
0.445000 -0.049448 
0.450000 -0.024920 
0.455000 -0.015966 
0.460000 -0.003518 
0.465000 0.016492 
0.470000 0.003963 
0.475000 -0.049182 
0.480000 -0.083002 
0.485000 -0.056385 
0.490000 -0.002738 
0.495000 0.038804 
0.500000 0.075410 
0.505000 0.105685 
0.510000 0.090466 
0.515000 0.021268 
0.520000 -0.050515 
0.525000 -0.081029 
0.530000 -0.072898 
0.535000 -0.040573 
0.540000 -0.000915 
0.545000 0.012462 
0.550000 -0.013378 
0.555000 -0.037850 
0.560000 -0.023091 
0.565000 0.010482 
0.570000 0.028068 
0.575000 0.033001 
0.580000 0.036842 
0.585000 0.025446 
0.590000 -0.005621 
0.595000 -0.024848 
0.600000 -0.007029 
0.605000 0.026541 
0.610000 0.037216 
0.615000 0.018703 
0.620000 -0.005475 
0.625000 -0.020697 
0.630000 -0.029843 
0.635000 -0.027902 
0.640000 -0.005998 
0.645000 0.016768 
0.650000 0.006819 
0.655000 -0.030075 
0.660000 -0.051944 
0.665000 -0.038721 
0.670000 -0.005761 
0.675000 0.029210 
0.680000 0.050790 
0.685000 0.040463 
0.690000 0.005017 
0.695000 -0.020583 
0.700000 -0.019443 
0.705000 -0.004759 
0.710000 0.014371 
0.715000 0.030842 
0.720000 0.023232 
0.725000 -0.010602 
0.730000 -0.037271 
0.735000 -0.038805 
0.740000 -0.029847 
0.745000 -0.011827 
0.750000 0.021476 
0.755000 0.042412 
0.760000 0.026427 
0.765000 0.001293 
0.770000 -0.005875 
0.775000 -0.012115 
0.780000 -0.019755 
0.785000 0.000726 
0.790000 0.034523 
0.795000 0.029168 
0.800000 -0.008467 
0.805000 -0.024972 
0.810000 -0.014884 
0.815000 -0.005815 
0.820000 0.008275 
0.825000 0.031252 
0.830000 0.028397 
0.835000 -0.006326 
0.840000 -0.026456 
0.845000 -0.017204 
0.850000 -0.012278 
0.855000 -0.013824 
0.860000 0.004934 
0.865000 0.026991 
0.870000 0.016135 
0.875000 -0.011246 
0.880000 -0.019587 
0.885000 -0.014170 
0.890000 -0.007748 
0.895000 0.009710 
0.900000 0.024380 
0.905000 -0.000559 
0.910000 -0.047016 
0.915000 -0.050738 
0.920000 -0.004512 
0.925000 0.033719 
0.930000 0.038789 
0.935000 0.034180 
0.940000 0.021547 
0.945000 -0.013385 
0.950000 -0.041684 
0.955000 -0.026370 
0.960000 0.008177 
0.965000 0.018373 
0.970000 0.011621 
0.975000 0.009009 
0.980000 -0.003698 
0.985000 -0.028501 
0.990000 -0.030129 
0.995000 -0.002951 
1.000000 0.015239 
1.005000 0.017867 
1.010000 0.028319 
1.015000 0.029114 
1.020000 -0.006530 
1.025000 -0.039554 
1.030000 -0.023965 
1.035000 0.006839 
1.040000 0.007601 
1.045000 0.001661 
1.050000 0.012833 
1.055000 0.009993 
1.060000 -0.014872 
1.065000 -0.018793 
1.070000 0.001925 
1.075000 0.004373 
1.080000 -0.008988 
1.085000 -0.002201 
1.090000 0.010782 
1.095000 0.000705 
1.100000 -0.008018 
1.105000 0.006438 
1.110000 0.010563 
1.115000 -0.009684 
1.120000 -0.014809 
1.125000 0.000434 
1.130000 -0.006808 
1.135000 -0.030402 
1.140000 -0.018855 
1.145000 0.021113 
1.150000 0.035564 
1.155000 0.018489 
1.160000 0.000103 
1.165000 -0.017907 
1.170000 -0.034324 
1.175000 -0.018691 
1.180000 0.025704 
1.185000 0.043712 
1.190000 0.017284 
1.195000 -0.009143 
1.200000 -0.013995 
1.205000 -0.019780 
1.210000 -0.024950 
1.215000 -0.004545 
1.220000 0.025445 
1.225000 0.025031 
1.230000 -0.002986 
1.235000 -0.025623 
1.240000 -0.031822 
1.245000 -0.025422 
1.250000 -0.003449 
1.255000 0.024085 
1.260000 0.032116 
1.265000 0.015954 
1.270000 -0.006212 
1.275000 -0.024087 
1.280000 -0.033074 
1.285000 -0.020890 
1.290000 0.008451 
1.295000 0.024169 
1.300000 0.010883 
1.305000 -0.010387 
1.310000 -0.020195 
1.315000 -0.021235 
1.320000 -0.015279 
1.325000 -0.000369 
1.330000 0.010159 
1.335000 0.003360 
1.340000 -0.010103 
1.345000 -0.016059 
1.350000 -0.015998 
1.355000 -0.008003 
1.360000 0.013883 
1.365000 0.031321 
1.370000 0.020291 
1.375000 -0.003105 
1.380000 -0.008157 
1.385000 -0.005608 
1.390000 -0.017825 
1.395000 -0.023114 
1.400000 0.003215 
1.405000 0.030082 
1.410000 0.019949 
1.415000 -0.007333 
1.420000 -0.018038 
1.425000 -0.017747 
1.430000 -0.015622 
1.435000 0.000666 
1.440000 0.020777 
1.445000 0.013097 
1.450000 -0.012684 
1.455000 -0.016910 
1.460000 -0.001913 
1.465000 0.001507 
1.470000 -0.001367 
1.475000 0.008626 
1.480000 0.013554 
1.485000 -0.004631 
1.490000 -0.022123 
1.495000 -0.019605 
1.500000 -0.013705 
1.505000 -0.010724 
1.510000 0.005049 
1.515000 0.022787 
1.520000 0.015160 
1.525000 -0.006391 
1.530000 -0.012270 
1.535000 -0.007578 
1.540000 -0.006946 
1.545000 0.001690 
1.550000 0.019068 
1.555000 0.016406 
1.560000 -0.008257 
1.565000 -0.018728 
1.570000 -0.006843 
1.575000 -0.001507 
1.580000 -0.006506 
1.585000 0.000230 
1.590000 0.012223 
1.595000 0.005793 
1.600000 -0.009575 
1.605000 -0.009307 
1.610000 0.001592 
1.615000 0.005828 
1.620000 0.006115 
1.625000 0.008094 
1.630000 0.003821 
1.635000 -0.007362 
1.640000 -0.012549 
1.645000 -0.008123 
1.650000 -0.002024 
1.655000 0.003545 
1.660000 0.008342 
1.665000 0.005491 
1.670000 -0.005186 
1.675000 -0.011574 
1.680000 -0.007992 
1.685000 -0.000495 
1.690000 0.007271 
1.695000 0.012047 
1.700000 0.003975 
1.705000 -0.014706 
1.710000 -0.020755 
1.715000 -0.003813 
1.720000 0.014886 
1.725000 0.017980 
1.730000 0.014349 
1.735000 0.009418 
1.740000 -0.006034 
1.745000 -0.023755 
1.750000 -0.020141 
1.755000 0.000843 
1.760000 0.012706 
1.765000 0.012281 
1.770000 0.012784 
1.775000 0.006899 
1.780000 -0.012498 
1.785000 -0.020554 
1.790000 -0.000324 
1.795000 0.020412 
1.800000 0.016592 
1.805000 0.004747 
1.810000 -0.000699 
1.815000 -0.012367 
1.820000 -0.024399 
1.825000 -0.009291 
1.830000 0.021825 
1.835000 0.025945 
1.840000 0.001774 
1.845000 -0.013616 
1.850000 -0.012894 
1.855000 -0.014212 
1.860000 -0.010777 
1.865000 0.009144 
1.870000 0.022496 
1.875000 0.009079 
1.880000 -0.009414 
1.885000 -0.011165 
1.890000 -0.008417 
1.895000 -0.009539 
1.900000 -0.000783 
1.905000 0.014626 
1.910000 0.013672 
1.915000 -0.001628 
1.920000 -0.007750 
1.925000 -0.003796 
1.930000 -0.004610 
1.935000 -0.005060 
1.940000 0.005114 
1.945000 0.011947 
1.950000 0.001098 
1.955000 -0.013117 
1.960000 -0.012237 
1.965000 -0.001915 
1.970000 0.005412 
1.975000 0.009793 
1.980000 0.011479 
1.985000 0.004631 
1.990000 -0.007549 
1.995000 -0.012459 
2.000000 -0.007143 
2.005000 -0.000568 
2.010000 0.002073 
2.015000 0.003091 
2.020000 0.003243 
2.025000 0.000812 
2.030000 -0.002872 
2.035000 -0.004338 
2.040000 -0.001855 
2.045000 0.003959 
2.050000 0.009597 
2.055000 0.008909 
2.060000 -0.000552 
2.065000 -0.012286 
2.070000 -0.016525 
2.075000 -0.010094 
2.080000 0.002066 
2.085000 0.011828 
2.090000 0.012580 
2.095000 0.004050 
2.100000 -0.006013 
2.105000 -0.009274 
2.110000 -0.005322 
2.115000 0.001265 
2.120000 0.007155 
2.125000 0.008537 
2.130000 0.001663 
2.135000 -0.008492 
2.140000 -0.010950 
2.145000 -0.004890 
2.150000 0.000744 
2.155000 0.004652 
2.160000 0.010916 
2.165000 0.011543 
2.170000 -0.002924 
2.175000 -0.019098 
2.180000 -0.015974 
2.185000 0.001046 
2.190000 0.010762 
2.195000 0.010180 
2.200000 0.007996 
2.205000 0.000376 
2.210000 -0.015284 
2.215000 -0.021429 
2.220000 -0.006077 
2.225000 0.012916 
2.230000 0.015486 
2.235000 0.008192 
2.240000 0.003488 
2.245000 -0.002585 
2.250000 -0.011927 
2.255000 -0.011648 
2.260000 0.001468 
2.265000 0.009958 
2.270000 0.004395 
2.275000 -0.002551 
2.280000 -0.002322 
2.285000 -0.003695 
2.290000 -0.008596 
2.295000 -0.003592 
2.300000 0.011681 
2.305000 0.016333 
2.310000 0.002456 
2.315000 -0.010942 
2.320000 -0.011104 
2.325000 -0.007839 
2.330000 -0.005686 
2.335000 0.005070 
2.340000 0.018654 
2.345000 0.013958 
2.350000 -0.005901 
2.355000 -0.014204 
2.360000 -0.005915 
2.365000 -0.000281 
2.370000 0.000171 
2.375000 0.007869 
2.380000 0.014393 
2.385000 0.002962 
2.390000 -0.014196 
2.395000 -0.014426 
2.400000 -0.003614 
2.405000 0.001384 
2.410000 0.004784 
2.415000 0.012449 
2.420000 0.010811 
2.425000 -0.005237 
2.430000 -0.015464 
2.435000 -0.007869 
2.440000 0.003265 
2.445000 0.006485 
2.450000 0.006929 
2.455000 0.005162 
2.460000 -0.004458 
2.465000 -0.013649 
2.470000 -0.009033 
2.475000 0.003393 
2.480000 0.008494 
2.485000 0.006420 
2.490000 0.004474 
2.495000 -0.000272 
2.500000 -0.009467 
2.505000 -0.011557 
2.510000 -0.000049 
2.515000 0.012173 
2.520000 0.011796 
2.525000 0.002979 
2.530000 -0.004353 
2.535000 -0.008530 
2.540000 -0.009897 
2.545000 -0.005174 
2.550000 0.004497 
2.555000 0.010979 
2.560000 0.009038 
2.565000 0.001573 
2.570000 -0.005337 
2.575000 -0.007265 
2.580000 -0.003847 
2.585000 0.000818 
2.590000 0.003350 
2.595000 0.004732 
2.600000 0.004495 
2.605000 -0.000932 
2.610000 -0.007884 
2.615000 -0.006166 
2.620000 0.003177 
2.625000 0.007055 
2.630000 0.002380 
2.635000 -0.001203 
2.640000 -0.001887 
2.645000 -0.005251 
2.650000 -0.006281 
2.655000 0.001971 
2.660000 0.009763 
2.665000 0.006622 
2.670000 0.001187 
2.675000 0.001496 
2.680000 -0.001559 
2.685000 -0.009903 
2.690000 -0.007974 
2.695000 0.005461 
2.700000 0.010522 
2.705000 0.002996 
2.710000 -0.000883 
2.715000 0.000280 
2.720000 -0.005157 
2.725000 -0.009666 
2.730000 0.000691 
2.735000 0.013007 
2.740000 0.008251 
2.745000 -0.003448 
2.750000 -0.004751 
2.755000 -0.002648 
2.760000 -0.006436 
2.765000 -0.005304 
2.770000 0.005623 
2.775000 0.010074 
2.780000 0.001133 
2.785000 -0.006170 
2.790000 -0.004252 
2.795000 -0.002315 
2.800000 -0.002420 
2.805000 0.002552 
2.810000 0.008407 
2.815000 0.004939 
2.820000 -0.003837 
2.825000 -0.006928 
2.830000 -0.004224 
2.835000 -0.000872 
2.840000 0.003092 
2.845000 0.006147 
2.850000 0.003073 
2.855000 -0.004196 
2.860000 -0.007418 
2.865000 -0.004702 
2.870000 0.000158 
2.875000 0.005832 
2.880000 0.009711 
2.885000 0.005943 
2.890000 -0.003353 
2.895000 -0.007715 
2.900000 -0.004822 
2.905000 -0.001797 
2.910000 0.000307 
2.915000 0.004777 
2.920000 0.006222 
2.925000 -0.000248 
2.930000 -0.005545 
2.935000 -0.002103 
2.940000 0.001591 
2.945000 -0.000284 
2.950000 0.001114 
2.955000 0.006902 
2.960000 0.003781 
2.965000 -0.007448 
2.970000 -0.008850 
2.975000 0.000750 
2.980000 0.004258 
2.985000 0.000509 
2.990000 0.002163 
2.995000 0.004700 
3.000000 -0.003274 
3.005000 -0.010749 
3.010000 -0.003387 
3.015000 0.006749 
3.020000 0.004657 
3.025000 0.000007 
3.030000 0.002380 
3.035000 0.001065 
3.040000 -0.007264 
3.045000 -0.007000 
3.050000 0.003965 
3.055000 0.008137 
3.060000 0.002405 
3.065000 0.000021 
3.070000 0.000356 
3.075000 -0.005645 
3.080000 -0.009518 
3.085000 -0.000459 
3.090000 0.009546 
3.095000 0.006632 
3.100000 -0.000445 
3.105000 -0.001450 
3.110000 -0.003368 
3.115000 -0.008769 
3.120000 -0.005865 
3.125000 0.005640 
3.130000 0.009567 
3.135000 0.002399 
3.140000 -0.002632 
3.145000 -0.002243 
3.150000 -0.004470 
3.155000 -0.006607 
3.160000 -0.000224 
3.165000 0.007975 
3.170000 0.005846 
3.175000 -0.002182 
3.180000 -0.004396 
3.185000 -0.002063 
3.190000 -0.001950 
3.195000 -0.001409 
3.200000 0.003126 
3.205000 0.005459 
3.210000 0.000535 
3.215000 -0.005607 
3.220000 -0.006143 
3.225000 -0.002898 
3.230000 0.000305 
3.235000 0.003303 
3.240000 0.005031 
3.245000 0.002692 
3.250000 -0.002371 
3.255000 -0.005061 
3.260000 -0.003292 
3.265000 0.000469 
3.270000 0.003235 
3.275000 0.003738 
3.280000 0.002158 
3.285000 -0.000470 
3.290000 -0.003111 
3.295000 -0.004594 
3.300000 -0.003150 
3.305000 0.001108 
3.310000 0.004383 
3.315000 0.003607 
3.320000 0.000520 
3.325000 -0.002162 
3.330000 -0.004196 
3.335000 -0.004363 
3.340000 -0.000463 
3.345000 0.004386 
3.350000 0.003847 
3.355000 -0.001434 
3.360000 -0.004711 
3.365000 -0.003847 
3.370000 -0.001828 
3.375000 0.000718 
3.380000 0.004074 
3.385000 0.004890 
3.390000 0.001262 
3.395000 -0.003106 
3.400000 -0.004898 
3.405000 -0.004402 
3.410000 -0.001335 
3.415000 0.003856 
3.420000 0.006195 
3.425000 0.002600 
3.430000 -0.002364 
3.435000 -0.004411 
3.440000 -0.004921 
3.445000 -0.003580 
3.450000 0.002064 
3.455000 0.006987 
3.460000 0.003639 
3.465000 -0.003566 
3.470000 -0.004872 
3.475000 -0.002072 
3.480000 -0.001861 
3.485000 -0.001064 
3.490000 0.003958 
3.495000 0.005515 
3.500000 -0.000962 
3.505000 -0.005725 
3.510000 -0.002351 
3.515000 0.001210 
3.520000 0.000253 
3.525000 0.001287 
3.530000 0.004620 
3.535000 0.001605 
3.540000 -0.005888 
3.545000 -0.006272 
3.550000 0.000207 
3.555000 0.003031 
3.560000 0.001628 
3.565000 0.002511 
3.570000 0.002854 
3.575000 -0.002501 
3.580000 -0.006866 
3.585000 -0.003012 
3.590000 0.002656 
3.595000 0.002548 
3.600000 0.000832 
3.605000 0.001701 
3.610000 0.000416 
3.615000 -0.004144 
3.620000 -0.004458 
3.625000 0.000932 
3.630000 0.003892 
3.635000 0.001777 
3.640000 0.000284 
3.645000 0.000454 
3.650000 -0.001695 
3.655000 -0.004117 
3.660000 -0.001683 
3.665000 0.002873 
3.670000 0.003302 
3.675000 0.000516 
3.680000 -0.001054 
3.685000 -0.001642 
3.690000 -0.002767 
3.695000 -0.002434 
3.700000 0.000311 
3.705000 0.002382 
3.710000 0.001750 
3.715000 -0.000057 
3.720000 -0.001587 
3.725000 -0.002570 
3.730000 -0.002097 
3.735000 0.000152 
3.740000 0.002332 
3.745000 0.002558 
3.750000 0.000856 
3.755000 -0.001493 
3.760000 -0.002675 
3.765000 -0.001557 
3.770000 0.000490 
3.775000 0.001288 
3.780000 0.001122 
3.785000 0.000907 
3.790000 -0.000559 
3.795000 -0.003085 
3.800000 -0.003136 
3.805000 -0.000127 
3.810000 0.001528 
3.815000 0.000631 
3.820000 0.000997 
3.825000 0.002352 
3.830000 0.000244 
3.835000 -0.003461 
3.840000 -0.002465 
3.845000 0.001599 
3.850000 0.001880 
3.855000 -0.000712 
3.860000 -0.000652 
3.865000 0.000490 
3.870000 -0.001260 
3.875000 -0.002374 
3.880000 0.000859 
3.885000 0.003335 
3.890000 0.000610 
3.895000 -0.002355 
3.900000 -0.001237 
3.905000 -0.000088 
3.910000 -0.001519 
3.915000 -0.001079 
3.920000 0.002574 
3.925000 0.003805 
3.930000 0.000629 
3.935000 -0.001954 
3.940000 -0.001619 
3.945000 -0.001294 
3.950000 -0.001557 
3.955000 -0.000082 
3.960000 0.001953 
3.965000 0.001328 
3.970000 -0.000911 
3.975000 -0.001491 
3.980000 -0.000670 
3.985000 -0.000395 
3.990000 -0.000115 
3.995000 0.000972 
4.000000 0.001205 
4.005000 -0.000352 
4.010000 -0.001624 
4.015000 -0.001047 
4.020000 0.000129 
4.025000 0.000660 
4.030000 0.000985 
4.035000 0.001113 
4.040000 0.000113 
4.045000 -0.001562 
4.050000 -0.002043 
4.055000 -0.000797 
4.060000 0.000659 
4.065000 0.001037 
4.070000 0.000597 
4.075000 0.000054 
4.080000 -0.000490 
4.085000 -0.001079 
4.090000 -0.001208 
4.095000 -0.000444 
4.100000 0.000580 
4.105000 0.000786 
4.110000 0.000163 
4.115000 -0.000464 
4.120000 -0.000796 
4.125000 -0.000814 
4.130000 -0.000025 
4.135000 0.001252 
4.140000 0.001244 
4.145000 -0.000498 
4.150000 -0.001709 
4.155000 -0.001004 
4.160000 -0.000071 
4.165000 -0.000131 
4.170000 0.000143 
4.175000 0.001114 
4.180000 0.000894 
4.185000 -0.000662 
4.190000 -0.001234 
4.195000 -0.000381 
4.200000 0.000056 
4.205000 -0.000058 
4.210000 0.000509 
4.215000 0.000931 
4.220000 -0.000139 
4.225000 -0.001343 
4.230000 -0.000944 
4.235000 0.000076 
4.240000 0.000352 
4.245000 0.000403 
4.250000 0.000463 
4.255000 -0.000269 
4.260000 -0.001171 
4.265000 -0.000746 
4.270000 0.000415 
4.275000 0.000714 
4.280000 0.000387 
4.285000 0.000231 
4.290000 -0.000253 
4.295000 -0.001058 
4.300000 -0.000946 
4.305000 -0.000012 
4.310000 0.000321 
4.315000 0.000140 
4.320000 0.000358 
4.325000 0.000200 
4.330000 -0.000990 
4.335000 -0.001490 
4.340000 -0.000233 
4.345000 0.000843 
4.350000 0.000422 
4.355000 0.000083 
4.360000 0.000613 
4.365000 0.000381 
4.370000 -0.000864 
4.375000 -0.001106 
4.380000 -0.000054 
4.385000 0.000407 
4.390000 -0.000031 
4.395000 -0.000064 
4.400000 0.000141 
4.405000 -0.000344 
4.410000 -0.000736 
4.415000 -0.000091 
4.420000 0.000541 
4.425000 0.000194 
4.430000 -0.000144 
4.435000 0.000200 
4.440000 0.000213 
4.445000 -0.000434 
4.450000 -0.000552 
4.455000 0.000125 
4.460000 0.000454 
4.465000 0.000136 
4.470000 -0.000105 
4.475000 -0.000268 
4.480000 -0.000692 
4.485000 -0.000776 
4.490000 -0.000025 
4.495000 0.000762 
4.500000 0.000780 
4.505000 0.000308 
4.510000 -0.000263 
4.515000 -0.000844 
4.520000 -0.000924 
4.525000 -0.000161 
4.530000 0.000634 
4.535000 0.000640 
4.540000 0.000278 
4.545000 0.000068 
4.550000 -0.000307 
4.555000 -0.000808 
4.560000 -0.000682 
4.565000 0.000050 
4.570000 0.000521 
4.575000 0.000492 
4.580000 0.000266 
4.585000 -0.000250 
4.590000 -0.000856 
4.595000 -0.000686 
4.600000 0.000232 
4.605000 0.000700 
4.610000 0.000373 
4.615000 0.000069 
4.620000 -0.000086 
4.625000 -0.000514 
4.630000 -0.000654 
4.635000 0.000067 
4.640000 0.000688 
4.645000 0.000324 
4.650000 -0.000206 
4.655000 -0.000155 
4.660000 -0.000179 
4.665000 -0.000495 
4.670000 -0.000198 
4.675000 0.000608 
4.680000 0.000653 
4.685000 -0.000076 
4.690000 -0.000383 
4.695000 -0.000202 
4.700000 -0.000327 
4.705000 -0.000452 
4.710000 0.000105 
4.715000 0.000686 
4.720000 0.000403 
4.725000 -0.000234 
4.730000 -0.000394 
4.735000 -0.000283 
4.740000 -0.000275 
4.745000 -0.000110 
4.750000 0.000254 
4.755000 0.000344 
4.760000 0.000085 
4.765000 -0.000129 
4.770000 -0.000208 
4.775000 -0.000256 
4.780000 -0.000124 
4.785000 0.000175 
4.790000 0.000243 
4.795000 0.000002 
4.800000 -0.000128 
4.805000 -0.000030 
4.810000 -0.000001 
4.815000 -0.000046 
4.820000 0.000061 
4.825000 0.000170 
4.830000 0.000029 
4.835000 -0.000163 
4.840000 -0.000153 
4.845000 -0.000091 
4.850000 -0.000093 
4.855000 0.000014 
4.860000 0.000190 
4.865000 0.000143 
4.870000 -0.000070 
4.875000 -0.000129 
4.880000 -0.000061 
4.885000 -0.000078 
4.890000 -0.000064 
4.895000 0.000107 
4.900000 0.000184 
4.905000 0.000019 
4.910000 -0.000102 
4.915000 -0.000016 
4.920000 0.000040 
4.925000 -0.000028 
4.930000 -0.000020 
4.935000 0.000071 
4.940000 0.000045 
4.945000 -0.000053 
4.950000 -0.000038 
4.955000 0.000033 
4.960000 0.000012 
4.965000 -0.000029 
4.970000 0.000005 
4.975000 0.000033 
4.980000 0.000001 
4.985000 -0.000022 
4.990000 -0.000008 
4.995000 0.000001 
