# Time(ps) Norm. Int.(No Units) 
0.000000 1.000000 
0.005000 0.906652 
0.010000 0.709160 
0.015000 0.550311 
0.020000 0.476863 
0.025000 0.425241 
0.030000 0.335532 
0.035000 0.221357 
0.040000 0.129277 
0.045000 0.078858 
0.050000 0.060165 
0.055000 0.060123 
0.060000 0.068323 
0.065000 0.069446 
0.070000 0.049613 
0.075000 0.009936 
0.080000 -0.036803 
0.085000 -0.082543 
0.090000 -0.127942 
0.095000 -0.170871 
0.100000 -0.204523 
0.105000 -0.230406 
0.110000 -0.256386 
0.115000 -0.272140 
0.120000 -0.246271 
0.125000 -0.168425 
0.130000 -0.079497 
0.135000 -0.032256 
0.140000 -0.027891 
0.145000 -0.020489 
0.150000 0.015290 
0.155000 0.051124 
0.160000 0.049568 
0.165000 0.016132 
0.170000 -0.011548 
0.175000 -0.011615 
0.180000 0.005078 
0.185000 0.020513 
0.190000 0.033194 
0.195000 0.052256 
0.200000 0.079327 
0.205000 0.104254 
0.210000 0.115922 
0.215000 0.113417 
0.220000 0.106695 
0.225000 0.105263 
0.230000 0.103770 
0.235000 0.083797 
0.240000 0.039272 
0.245000 -0.003359 
0.250000 -0.007037 
0.255000 0.028734 
0.260000 0.059557 
0.265000 0.047508 
0.270000 0.008095 
0.275000 -0.011193 
0.280000 0.008198 
0.285000 0.036199 
0.290000 0.035831 
0.295000 0.005915 
0.300000 -0.026307 
0.305000 -0.041618 
0.310000 -0.043523 
0.315000 -0.041895 
0.320000 -0.038662 
0.325000 -0.033949 
0.330000 -0.033476 
0.335000 -0.040109 
0.340000 -0.045261 
0.345000 -0.038386 
0.350000 -0.021052 
0.355000 -0.004547 
0.360000 0.000964 
0.365000 -0.011409 
0.370000 -0.044078 
0.375000 -0.084564 
0.380000 -0.105796 
0.385000 -0.093628 
0.390000 -0.069553 
0.395000 -0.068355 
0.400000 -0.093002 
0.405000 -0.108804 
0.410000 -0.087263 
0.415000 -0.041764 
0.420000 -0.010801 
0.425000 -0.014651 
0.430000 -0.039255 
0.435000 -0.059297 
0.440000 -0.065764 
0.445000 -0.067142 
0.450000 -0.071556 
0.455000 -0.076584 
0.460000 -0.076127 
0.465000 -0.069585 
0.470000 -0.060395 
0.475000 -0.049209 
0.480000 -0.033009 
0.485000 -0.010566 
0.490000 0.013694 
0.495000 0.031969 
0.500000 0.039000 
0.505000 0.035748 
0.510000 0.026922 
0.515000 0.015350 
0.520000 0.001031 
0.525000 -0.013488 
0.530000 -0.020355 
0.535000 -0.013223 
0.540000 0.003840 
0.545000 0.018245 
0.550000 0.021247 
0.555000 0.016280 
0.560000 0.013397 
0.565000 0.017230 
0.570000 0.022617 
0.575000 0.021021 
0.580000 0.008486 
0.585000 -0.012020 
0.590000 -0.032647 
0.595000 -0.044882 
0.600000 -0.045791 
0.605000 -0.041433 
0.610000 -0.040990 
0.615000 -0.046651 
0.620000 -0.052656 
0.625000 -0.054527 
0.630000 -0.054218 
0.635000 -0.054809 
0.640000 -0.055778 
0.645000 -0.057068 
0.650000 -0.063004 
0.655000 -0.076577 
0.660000 -0.091439 
0.665000 -0.095195 
0.670000 -0.082593 
0.675000 -0.062623 
0.680000 -0.049582 
0.685000 -0.047798 
0.690000 -0.048264 
0.695000 -0.040833 
0.700000 -0.026115 
0.705000 -0.013151 
0.710000 -0.008770 
0.715000 -0.012662 
0.720000 -0.020338 
0.725000 -0.026752 
0.730000 -0.028258 
0.735000 -0.024700 
0.740000 -0.019361 
0.745000 -0.014824 
0.750000 -0.009941 
0.755000 -0.002647 
0.760000 0.005779 
0.765000 0.011604 
0.770000 0.013255 
0.775000 0.013149 
0.780000 0.014428 
0.785000 0.016686 
0.790000 0.016219 
0.795000 0.010991 
0.800000 0.003816 
0.805000 -0.001107 
0.810000 -0.003269 
0.815000 -0.004785 
0.820000 -0.005791 
0.825000 -0.004594 
0.830000 -0.001819 
0.835000 -0.000592 
0.840000 -0.002398 
0.845000 -0.005376 
0.850000 -0.006603 
0.855000 -0.004238 
0.860000 0.001339 
0.865000 0.006350 
0.870000 0.005253 
0.875000 -0.003473 
0.880000 -0.013672 
0.885000 -0.016208 
0.890000 -0.008236 
0.895000 0.002957 
0.900000 0.006486 
0.905000 -0.000910 
0.910000 -0.010789 
0.915000 -0.011889 
0.920000 -0.002511 
0.925000 0.008453 
0.930000 0.011989 
0.935000 0.006651 
0.940000 -0.003565 
0.945000 -0.013483 
0.950000 -0.017703 
0.955000 -0.012825 
0.960000 -0.001960 
0.965000 0.006273 
0.970000 0.006178 
0.975000 0.000779 
0.980000 -0.002420 
0.985000 0.000120 
0.990000 0.005341 
0.995000 0.008363 
1.000000 0.007820 
1.005000 0.005677 
1.010000 0.003278 
1.015000 0.000212 
1.020000 -0.002818 
1.025000 -0.003379 
1.030000 -0.001182 
1.035000 0.000508 
1.040000 -0.000397 
1.045000 -0.001386 
1.050000 0.000931 
1.055000 0.006039 
1.060000 0.010589 
1.065000 0.012023 
1.070000 0.009574 
1.075000 0.004316 
1.080000 -0.000069 
1.085000 0.000757 
1.090000 0.006845 
1.095000 0.012564 
1.100000 0.012077 
1.105000 0.005743 
1.110000 0.000078 
1.115000 0.001132 
1.120000 0.007873 
1.125000 0.012772 
1.130000 0.010021 
1.135000 0.002566 
1.140000 -0.000856 
1.145000 0.004340 
1.150000 0.013363 
1.155000 0.017051 
1.160000 0.011188 
1.165000 0.000963 
1.170000 -0.003666 
1.175000 0.002000 
1.180000 0.012150 
1.185000 0.016796 
1.190000 0.012584 
1.195000 0.004608 
1.200000 -0.001390 
1.205000 -0.003934 
1.210000 -0.002884 
1.215000 0.002567 
1.220000 0.010214 
1.225000 0.013569 
1.230000 0.008522 
1.235000 -0.000427 
1.240000 -0.004078 
1.245000 0.001479 
1.250000 0.011043 
1.255000 0.016504 
1.260000 0.014661 
1.265000 0.008103 
1.270000 0.000918 
1.275000 -0.003742 
1.280000 -0.003473 
1.285000 0.001752 
1.290000 0.007304 
1.295000 0.007205 
1.300000 0.001364 
1.305000 -0.003539 
1.310000 -0.002065 
1.315000 0.003848 
1.320000 0.008460 
1.325000 0.009070 
1.330000 0.007006 
1.335000 0.004160 
1.340000 0.001688 
1.345000 0.001194 
1.350000 0.003996 
1.355000 0.008390 
1.360000 0.010034 
1.365000 0.007060 
1.370000 0.003453 
1.375000 0.004466 
1.380000 0.009080 
1.385000 0.010775 
1.390000 0.006825 
1.395000 0.002659 
1.400000 0.004259 
1.405000 0.009609 
1.410000 0.011495 
1.415000 0.006893 
1.420000 -0.000007 
1.425000 -0.003360 
1.430000 -0.001508 
1.435000 0.002545 
1.440000 0.004787 
1.445000 0.004058 
1.450000 0.002609 
1.455000 0.002832 
1.460000 0.004321 
1.465000 0.005128 
1.470000 0.004804 
1.475000 0.004446 
1.480000 0.004384 
1.485000 0.003516 
1.490000 0.000901 
1.495000 -0.002826 
1.500000 -0.005531 
1.505000 -0.005132 
1.510000 -0.001794 
1.515000 0.001644 
1.520000 0.002476 
1.525000 0.001070 
1.530000 0.000044 
1.535000 0.001009 
1.540000 0.003102 
1.545000 0.004182 
1.550000 0.002781 
1.555000 -0.000485 
1.560000 -0.003192 
1.565000 -0.003710 
1.570000 -0.003274 
1.575000 -0.004048 
1.580000 -0.005675 
1.585000 -0.005863 
1.590000 -0.004114 
1.595000 -0.002495 
1.600000 -0.002547 
1.605000 -0.003611 
1.610000 -0.004622 
1.615000 -0.005668 
1.620000 -0.007080 
1.625000 -0.008289 
1.630000 -0.008509 
1.635000 -0.008050 
1.640000 -0.008194 
1.645000 -0.009573 
1.650000 -0.011043 
1.655000 -0.010761 
1.660000 -0.008456 
1.665000 -0.005937 
1.670000 -0.005157 
1.675000 -0.006297 
1.680000 -0.007799 
1.685000 -0.007746 
1.690000 -0.005546 
1.695000 -0.002930 
1.700000 -0.002593 
1.705000 -0.004860 
1.710000 -0.006636 
1.715000 -0.004982 
1.720000 -0.000813 
1.725000 0.002487 
1.730000 0.003166 
1.735000 0.002061 
1.740000 0.000235 
1.745000 -0.002101 
1.750000 -0.004118 
1.755000 -0.003822 
1.760000 -0.000375 
1.765000 0.003666 
1.770000 0.004043 
1.775000 -0.000461 
1.780000 -0.005893 
1.785000 -0.006978 
1.790000 -0.002671 
1.795000 0.003210 
1.800000 0.006071 
1.805000 0.003850 
1.810000 -0.002381 
1.815000 -0.008621 
1.820000 -0.009751 
1.825000 -0.004456 
1.830000 0.001759 
1.835000 0.001581 
1.840000 -0.005621 
1.845000 -0.012966 
1.850000 -0.014115 
1.855000 -0.009572 
1.860000 -0.004357 
1.865000 -0.002101 
1.870000 -0.002963 
1.875000 -0.005467 
1.880000 -0.008050 
1.885000 -0.009111 
1.890000 -0.007588 
1.895000 -0.004520 
1.900000 -0.002942 
1.905000 -0.004748 
1.910000 -0.008089 
1.915000 -0.009480 
1.920000 -0.008237 
1.925000 -0.006812 
1.930000 -0.006724 
1.935000 -0.006736 
1.940000 -0.005789 
1.945000 -0.004973 
1.950000 -0.005050 
1.955000 -0.004477 
1.960000 -0.002082 
1.965000 0.000120 
1.970000 -0.000732 
1.975000 -0.004137 
1.980000 -0.006691 
1.985000 -0.006427 
1.990000 -0.004687 
1.995000 -0.003631 
2.000000 -0.003745 
2.005000 -0.004285 
2.010000 -0.004516 
2.015000 -0.003584 
2.020000 -0.000665 
2.025000 0.003285 
2.030000 0.005086 
2.035000 0.002628 
2.040000 -0.001853 
2.045000 -0.003882 
2.050000 -0.002181 
2.055000 -0.000046 
2.060000 -0.000822 
2.065000 -0.003918 
2.070000 -0.006227 
2.075000 -0.005914 
2.080000 -0.003474 
2.085000 -0.000188 
2.090000 0.002792 
2.095000 0.004146 
2.100000 0.002926 
2.105000 0.000016 
2.110000 -0.002045 
2.115000 -0.001722 
2.120000 -0.000387 
2.125000 -0.000582 
2.130000 -0.002851 
2.135000 -0.005543 
2.140000 -0.007222 
2.145000 -0.007513 
2.150000 -0.005861 
2.155000 -0.001930 
2.160000 0.002213 
2.165000 0.002899 
2.170000 -0.000730 
2.175000 -0.004941 
2.180000 -0.005562 
2.185000 -0.002578 
2.190000 0.000659 
2.195000 0.001345 
2.200000 -0.000939 
2.205000 -0.004859 
2.210000 -0.007998 
2.215000 -0.007780 
2.220000 -0.003672 
2.225000 0.001495 
2.230000 0.003789 
2.235000 0.002122 
2.240000 -0.000807 
2.245000 -0.001747 
2.250000 -0.000276 
2.255000 0.001486 
2.260000 0.001815 
2.265000 0.001003 
2.270000 0.000202 
2.275000 -0.000150 
2.280000 -0.000209 
2.285000 0.000109 
2.290000 0.000977 
2.295000 0.002030 
2.300000 0.002673 
2.305000 0.002771 
2.310000 0.002467 
2.315000 0.001708 
2.320000 0.000737 
2.325000 0.000666 
2.330000 0.002325 
2.335000 0.004563 
2.340000 0.005064 
2.345000 0.003288 
2.350000 0.001286 
2.355000 0.000867 
2.360000 0.001343 
2.365000 0.001255 
2.370000 0.000946 
2.375000 0.001590 
2.380000 0.002561 
2.385000 0.001974 
2.390000 -0.000292 
2.395000 -0.002118 
2.400000 -0.001880 
2.405000 -0.000047 
2.410000 0.002095 
2.415000 0.003682 
2.420000 0.003950 
2.425000 0.002401 
2.430000 0.000035 
2.435000 -0.000859 
2.440000 0.000772 
2.445000 0.003135 
2.450000 0.003492 
2.455000 0.001361 
2.460000 -0.001078 
2.465000 -0.001708 
2.470000 -0.000609 
2.475000 0.000941 
2.480000 0.002400 
2.485000 0.003694 
2.490000 0.003900 
2.495000 0.002186 
2.500000 -0.000014 
2.505000 0.000086 
2.510000 0.002851 
2.515000 0.005231 
2.520000 0.004541 
2.525000 0.001654 
2.530000 -0.000713 
2.535000 -0.001390 
2.540000 -0.000992 
2.545000 -0.000014 
2.550000 0.001459 
2.555000 0.002642 
2.560000 0.002440 
2.565000 0.001127 
2.570000 0.000335 
2.575000 0.000932 
2.580000 0.001919 
2.585000 0.002041 
2.590000 0.001508 
2.595000 0.001190 
2.600000 0.000924 
2.605000 0.000037 
2.610000 -0.000904 
2.615000 -0.000552 
2.620000 0.000946 
2.625000 0.001830 
2.630000 0.001350 
2.635000 0.000904 
2.640000 0.001834 
2.645000 0.003453 
2.650000 0.004254 
2.655000 0.004071 
2.660000 0.003897 
2.665000 0.004136 
2.670000 0.004078 
2.675000 0.003078 
2.680000 0.001587 
2.685000 0.000696 
2.690000 0.000952 
2.695000 0.001972 
2.700000 0.003121 
2.705000 0.003990 
2.710000 0.004118 
2.715000 0.003159 
2.720000 0.001796 
2.725000 0.001515 
2.730000 0.002689 
2.735000 0.003784 
2.740000 0.003288 
2.745000 0.001524 
2.750000 -0.000302 
2.755000 -0.001720 
2.760000 -0.002625 
2.765000 -0.002431 
2.770000 -0.000978 
2.775000 0.000478 
2.780000 0.000496 
2.785000 -0.000698 
2.790000 -0.001562 
2.795000 -0.001137 
2.800000 0.000116 
2.805000 0.001097 
2.810000 0.001055 
2.815000 -0.000084 
2.820000 -0.001807 
2.825000 -0.003217 
2.830000 -0.003398 
2.835000 -0.002085 
2.840000 -0.000218 
2.845000 0.000609 
2.850000 -0.000216 
2.855000 -0.001481 
2.860000 -0.001490 
2.865000 0.000051 
2.870000 0.001958 
2.875000 0.002959 
2.880000 0.002561 
2.885000 0.001046 
2.890000 -0.000660 
2.895000 -0.001443 
2.900000 -0.000980 
2.905000 -0.000131 
2.910000 0.000084 
2.915000 -0.000354 
2.920000 -0.000662 
2.925000 -0.000339 
2.930000 0.000310 
2.935000 0.000700 
2.940000 0.000768 
2.945000 0.000978 
2.950000 0.001465 
2.955000 0.001607 
2.960000 0.000914 
2.965000 -0.000071 
2.970000 -0.000426 
2.975000 -0.000115 
2.980000 0.000173 
2.985000 0.000120 
2.990000 -0.000104 
2.995000 -0.000457 
3.000000 -0.000901 
3.005000 -0.001013 
3.010000 -0.000503 
3.015000 0.000186 
3.020000 0.000462 
3.025000 0.000333 
3.030000 0.000021 
3.035000 -0.000551 
3.040000 -0.001283 
3.045000 -0.001507 
3.050000 -0.000790 
3.055000 0.000257 
3.060000 0.000497 
3.065000 -0.000531 
3.070000 -0.002171 
3.075000 -0.003217 
3.080000 -0.002923 
3.085000 -0.001632 
3.090000 -0.000408 
3.095000 -0.000056 
3.100000 -0.000652 
3.105000 -0.001807 
3.110000 -0.002874 
3.115000 -0.003042 
3.120000 -0.002009 
3.125000 -0.000600 
3.130000 -0.000105 
3.135000 -0.000905 
3.140000 -0.002241 
3.145000 -0.003174 
3.150000 -0.003222 
3.155000 -0.002343 
3.160000 -0.001021 
3.165000 -0.000244 
3.170000 -0.000667 
3.175000 -0.001739 
3.180000 -0.002177 
3.185000 -0.001399 
3.190000 -0.000103 
3.195000 0.000635 
3.200000 0.000491 
3.205000 -0.000078 
3.210000 -0.000595 
3.215000 -0.000920 
3.220000 -0.000907 
3.225000 -0.000313 
3.230000 0.000618 
3.235000 0.001025 
3.240000 0.000426 
3.245000 -0.000480 
3.250000 -0.000597 
3.255000 0.000199 
3.260000 0.001039 
3.265000 0.001197 
3.270000 0.000739 
3.275000 0.000165 
3.280000 -0.000111 
3.285000 0.000002 
3.290000 0.000209 
3.295000 0.000037 
3.300000 -0.000627 
3.305000 -0.001273 
3.310000 -0.001263 
3.315000 -0.000619 
3.320000 -0.000155 
3.325000 -0.000617 
3.330000 -0.001714 
3.335000 -0.002311 
3.340000 -0.001801 
3.345000 -0.000893 
3.350000 -0.000668 
3.355000 -0.001203 
3.360000 -0.001736 
3.365000 -0.001863 
3.370000 -0.001813 
3.375000 -0.001714 
3.380000 -0.001391 
3.385000 -0.000961 
3.390000 -0.000922 
3.395000 -0.001449 
3.400000 -0.002055 
3.405000 -0.002123 
3.410000 -0.001497 
3.415000 -0.000497 
3.420000 0.000360 
3.425000 0.000576 
3.430000 -0.000072 
3.435000 -0.001193 
3.440000 -0.001815 
3.445000 -0.001200 
3.450000 0.000220 
3.455000 0.001089 
3.460000 0.000611 
3.465000 -0.000553 
3.470000 -0.001175 
3.475000 -0.000849 
3.480000 -0.000036 
3.485000 0.000765 
3.490000 0.001280 
3.495000 0.001223 
3.500000 0.000550 
3.505000 -0.000198 
3.510000 -0.000343 
3.515000 0.000170 
3.520000 0.000795 
3.525000 0.000977 
3.530000 0.000530 
3.535000 -0.000313 
3.540000 -0.000979 
3.545000 -0.000917 
3.550000 -0.000112 
3.555000 0.000837 
3.560000 0.001212 
3.565000 0.000720 
3.570000 -0.000266 
3.575000 -0.000950 
3.580000 -0.000807 
3.585000 -0.000127 
3.590000 0.000357 
3.595000 0.000320 
3.600000 -0.000015 
3.605000 -0.000420 
3.610000 -0.000807 
3.615000 -0.000923 
3.620000 -0.000538 
3.625000 0.000073 
3.630000 0.000360 
3.635000 0.000212 
3.640000 -0.000033 
3.645000 -0.000174 
3.650000 -0.000260 
3.655000 -0.000244 
3.660000 -0.000030 
3.665000 0.000172 
3.670000 0.000019 
3.675000 -0.000434 
3.680000 -0.000725 
3.685000 -0.000586 
3.690000 -0.000268 
3.695000 -0.000154 
3.700000 -0.000233 
3.705000 -0.000191 
3.710000 0.000056 
3.715000 0.000192 
3.720000 0.000015 
3.725000 -0.000158 
3.730000 0.000091 
3.735000 0.000637 
3.740000 0.000931 
3.745000 0.000718 
3.750000 0.000282 
3.755000 0.000017 
3.760000 0.000022 
3.765000 0.000151 
3.770000 0.000230 
3.775000 0.000170 
3.780000 0.000009 
3.785000 -0.000104 
3.790000 -0.000046 
3.795000 0.000128 
3.800000 0.000206 
3.805000 0.000071 
3.810000 -0.000077 
3.815000 0.000093 
3.820000 0.000534 
3.825000 0.000721 
3.830000 0.000317 
3.835000 -0.000295 
3.840000 -0.000500 
3.845000 -0.000273 
3.850000 -0.000089 
3.855000 -0.000188 
3.860000 -0.000384 
3.865000 -0.000493 
3.870000 -0.000507 
3.875000 -0.000427 
3.880000 -0.000269 
3.885000 -0.000165 
3.890000 -0.000193 
3.895000 -0.000233 
3.900000 -0.000200 
3.905000 -0.000196 
3.910000 -0.000245 
3.915000 -0.000149 
3.920000 0.000161 
3.925000 0.000377 
3.930000 0.000173 
3.935000 -0.000338 
3.940000 -0.000704 
3.945000 -0.000642 
3.950000 -0.000301 
3.955000 -0.000050 
3.960000 -0.000063 
3.965000 -0.000172 
3.970000 -0.000161 
3.975000 -0.000066 
3.980000 -0.000044 
3.985000 -0.000054 
3.990000 0.000060 
3.995000 0.000239 
4.000000 0.000250 
4.005000 0.000062 
4.010000 -0.000102 
4.015000 -0.000086 
4.020000 0.000042 
4.025000 0.000165 
4.030000 0.000249 
4.035000 0.000251 
4.040000 0.000125 
4.045000 -0.000046 
4.050000 -0.000066 
4.055000 0.000101 
4.060000 0.000228 
4.065000 0.000098 
4.070000 -0.000176 
4.075000 -0.000305 
4.080000 -0.000258 
4.085000 -0.000304 
4.090000 -0.000544 
4.095000 -0.000683 
4.100000 -0.000466 
4.105000 -0.000112 
4.110000 -0.000040 
4.115000 -0.000284 
4.120000 -0.000465 
4.125000 -0.000318 
4.130000 -0.000014 
4.135000 0.000094 
4.140000 -0.000110 
4.145000 -0.000416 
4.150000 -0.000549 
4.155000 -0.000456 
4.160000 -0.000304 
4.165000 -0.000245 
4.170000 -0.000250 
4.175000 -0.000213 
4.180000 -0.000107 
4.185000 0.000001 
4.190000 0.000035 
4.195000 -0.000013 
4.200000 -0.000046 
4.205000 0.000047 
4.210000 0.000204 
4.215000 0.000194 
4.220000 -0.000087 
4.225000 -0.000409 
4.230000 -0.000464 
4.235000 -0.000250 
4.240000 -0.000051 
4.245000 -0.000081 
4.250000 -0.000287 
4.255000 -0.000464 
4.260000 -0.000450 
4.265000 -0.000237 
4.270000 0.000029 
4.275000 0.000150 
4.280000 0.000040 
4.285000 -0.000218 
4.290000 -0.000449 
4.295000 -0.000517 
4.300000 -0.000420 
4.305000 -0.000271 
4.310000 -0.000194 
4.315000 -0.000232 
4.320000 -0.000365 
4.325000 -0.000524 
4.330000 -0.000561 
4.335000 -0.000346 
4.340000 0.000013 
4.345000 0.000195 
4.350000 0.000053 
4.355000 -0.000180 
4.360000 -0.000209 
4.365000 -0.000073 
4.370000 -0.000023 
4.375000 -0.000151 
4.380000 -0.000320 
4.385000 -0.000405 
4.390000 -0.000409 
4.395000 -0.000371 
4.400000 -0.000277 
4.405000 -0.000117 
4.410000 0.000042 
4.415000 0.000086 
4.420000 -0.000001 
4.425000 -0.000072 
4.430000 0.000021 
4.435000 0.000217 
4.440000 0.000304 
4.445000 0.000192 
4.450000 -0.000004 
4.455000 -0.000140 
4.460000 -0.000176 
4.465000 -0.000122 
4.470000 -0.000022 
4.475000 0.000020 
4.480000 -0.000067 
4.485000 -0.000172 
4.490000 -0.000107 
4.495000 0.000120 
4.500000 0.000272 
4.505000 0.000177 
4.510000 -0.000063 
4.515000 -0.000221 
4.520000 -0.000208 
4.525000 -0.000122 
4.530000 -0.000076 
4.535000 -0.000077 
4.540000 -0.000092 
4.545000 -0.000146 
4.550000 -0.000266 
4.555000 -0.000383 
4.560000 -0.000375 
4.565000 -0.000220 
4.570000 -0.000033 
4.575000 0.000054 
4.580000 0.000005 
4.585000 -0.000128 
4.590000 -0.000238 
4.595000 -0.000219 
4.600000 -0.000068 
4.605000 0.000080 
4.610000 0.000080 
4.615000 -0.000052 
4.620000 -0.000157 
4.625000 -0.000121 
4.630000 0.000010 
4.635000 0.000111 
4.640000 0.000126 
4.645000 0.000088 
4.650000 0.000044 
4.655000 0.000005 
4.660000 -0.000010 
4.665000 0.000039 
4.670000 0.000137 
4.675000 0.000185 
4.680000 0.000116 
4.685000 0.000003 
4.690000 -0.000036 
4.695000 0.000006 
4.700000 0.000041 
4.705000 0.000043 
4.710000 0.000062 
4.715000 0.000106 
4.720000 0.000118 
4.725000 0.000079 
4.730000 0.000042 
4.735000 0.000038 
4.740000 0.000029 
4.745000 -0.000006 
4.750000 -0.000025 
4.755000 0.000004 
4.760000 0.000033 
4.765000 -0.000002 
4.770000 -0.000076 
4.775000 -0.000105 
4.780000 -0.000060 
4.785000 -0.000007 
4.790000 -0.000008 
4.795000 -0.000037 
4.800000 -0.000040 
4.805000 -0.000022 
4.810000 -0.000026 
4.815000 -0.000055 
4.820000 -0.000065 
4.825000 -0.000045 
4.830000 -0.000032 
4.835000 -0.000045 
4.840000 -0.000054 
4.845000 -0.000034 
4.850000 -0.000001 
4.855000 0.000019 
4.860000 0.000024 
4.865000 0.000029 
4.870000 0.000032 
4.875000 0.000020 
4.880000 -0.000001 
4.885000 -0.000008 
4.890000 0.000005 
4.895000 0.000015 
4.900000 0.000005 
4.905000 -0.000008 
4.910000 -0.000005 
4.915000 0.000004 
4.920000 0.000003 
4.925000 -0.000005 
4.930000 -0.000003 
4.935000 0.000007 
4.940000 0.000009 
4.945000 0.000006 
4.950000 0.000006 
4.955000 0.000010 
4.960000 0.000005 
4.965000 -0.000005 
4.970000 -0.000010 
4.975000 -0.000009 
4.980000 -0.000008 
4.985000 -0.000008 
4.990000 -0.000007 
4.995000 -0.000003 
