# Frequency (THz), VDOS (THz^-1)
0.00000, -5.39440e-04
0.20000, 5.18388e-04
0.40000, -4.65506e-04
0.60000, 4.01367e-04
0.80000, -3.38797e-04
1.00000, 2.77676e-04
1.20000, -2.14294e-04
1.40000, 1.50439e-04
1.60000, -9.39238e-05
1.80000, 5.45788e-05
2.00000, -3.86960e-05
2.20000, 4.24704e-05
2.40000, -5.13559e-05
2.60000, 5.06671e-05
2.80000, -3.74944e-05
3.00000, 1.98057e-05
3.20000, -5.33255e-06
3.40000, -4.92450e-06
3.60000, 1.28969e-05
3.80000, -1.77262e-05
4.00000, 1.62021e-05
4.20000, -7.13872e-06
4.40000, -7.49758e-06
4.60000, 2.62356e-05
4.80000, -4.99682e-05
5.00000, 7.65734e-05
5.20000, -9.41115e-05
5.40000, 8.49970e-05
5.60000, -4.18805e-05
5.80000, -2.15213e-05
6.00000, 7.87907e-05
6.20000, -1.10745e-04
6.40000, 1.17335e-04
6.60000, -1.13034e-04
6.80000, 1.13694e-04
7.00000, -1.26541e-04
7.20000, 1.48022e-04
7.40000, -1.67374e-04
7.60000, 1.71729e-04
7.80000, -1.50075e-04
8.00000, 9.62726e-05
8.20000, -1.30674e-05
8.40000, -8.38603e-05
8.60000, 1.67984e-04
8.80000, -2.14158e-04
9.00000, 2.13543e-04
9.20000, -1.78077e-04
9.40000, 1.31257e-04
9.60000, -9.44823e-05
9.80000, 7.82684e-05
10.00000, -8.03125e-05
10.20000, 8.91499e-05
10.40000, -9.22131e-05
10.60000, 8.48139e-05
10.80000, -7.35797e-05
11.00000, 7.01265e-05
11.20000, -7.92432e-05
11.40000, 9.31655e-05
11.60000, -9.95196e-05
11.80000, 9.53253e-05
12.00000, -8.98950e-05
12.20000, 9.16787e-05
12.40000, -9.57854e-05
12.60000, 8.93639e-05
12.80000, -6.86991e-05
13.00000, 4.71915e-05
13.20000, -4.51653e-05
13.40000, 7.21537e-05
13.60000, -1.17998e-04
13.80000, 1.59856e-04
14.00000, -1.78695e-04
14.20000, 1.71730e-04
14.40000, -1.52227e-04
14.60000, 1.39870e-04
14.80000, -1.51479e-04
15.00000, 1.99126e-04
15.20000, -2.95143e-04
15.40000, 4.54469e-04
15.60000, -6.80679e-04
15.80000, 9.37520e-04
16.00000, -1.13785e-03
16.20000, 1.18294e-03
16.40000, -1.03314e-03
16.60000, 7.43588e-04
16.80000, -4.26937e-04
17.00000, 1.80031e-04
17.20000, -3.96223e-05
17.40000, -9.86456e-06
17.60000, 2.84733e-06
17.80000, 3.30051e-05
18.00000, -8.44151e-05
18.20000, 1.51965e-04
18.40000, -2.49606e-04
18.60000, 3.97961e-04
18.80000, -6.01508e-04
19.00000, 8.19956e-04
19.20000, -9.66546e-04
19.40000, 9.51569e-04
19.60000, -7.41389e-04
19.80000, 3.81518e-04
20.00000, 3.05510e-05
20.20000, -3.91393e-04
20.40000, 6.26319e-04
20.60000, -7.07535e-04
20.80000, 6.56061e-04
21.00000, -5.24417e-04
21.20000, 3.69080e-04
21.40000, -2.31224e-04
21.60000, 1.32350e-04
21.80000, -7.72262e-05
22.00000, 5.90294e-05
22.20000, -6.79629e-05
22.40000, 9.99121e-05
22.60000, -1.56476e-04
22.80000, 2.35573e-04
23.00000, -3.23453e-04
23.20000, 3.96758e-04
23.40000, -4.31382e-04
23.60000, 4.11312e-04
23.80000, -3.36192e-04
24.00000, 2.26605e-04
24.20000, -1.20849e-04
24.40000, 5.99688e-05
24.60000, -7.00995e-05
24.80000, 1.57340e-04
25.00000, -3.18628e-04
25.20000, 5.51394e-04
25.40000, -8.41414e-04
25.60000, 1.13679e-03
25.80000, -1.34680e-03
26.00000, 1.38826e-03
26.20000, -1.24540e-03
26.40000, 9.84939e-04
26.60000, -7.16508e-04
26.80000, 5.41820e-04
27.00000, -5.22286e-04
27.20000, 6.53170e-04
27.40000, -8.45775e-04
27.60000, 9.56798e-04
27.80000, -8.74869e-04
28.00000, 5.98784e-04
28.20000, -2.34355e-04
28.40000, -8.25393e-05
28.60000, 2.65395e-04
28.80000, -3.07284e-04
29.00000, 2.63715e-04
29.20000, -2.13113e-04
29.40000, 2.14326e-04
29.60000, -2.77669e-04
29.80000, 3.66418e-04
30.00000, -4.28833e-04
30.20000, 4.34214e-04
30.40000, -3.84721e-04
30.60000, 3.02390e-04
30.80000, -2.11685e-04
31.00000, 1.30809e-04
31.20000, -6.96113e-05
31.40000, 2.95993e-05
31.60000, -6.35460e-06
31.80000, -5.78476e-06
32.00000, 1.03731e-05
32.20000, -9.23242e-06
32.40000, 4.55694e-06
32.60000, 4.70429e-07
32.80000, -2.94870e-06
33.00000, 1.55903e-06
33.20000, 3.08892e-06
33.40000, -8.44208e-06
33.60000, 1.01703e-05
33.80000, -3.56231e-06
34.00000, -1.39082e-05
34.20000, 4.11396e-05
34.40000, -7.44181e-05
34.60000, 1.08288e-04
34.80000, -1.33234e-04
35.00000, 1.33744e-04
35.20000, -9.54054e-05
35.40000, 2.06782e-05
35.60000, 6.34657e-05
35.80000, -1.20426e-04
36.00000, 1.29503e-04
36.20000, -9.55966e-05
36.40000, 3.68410e-05
36.60000, 3.05455e-05
36.80000, -9.53063e-05
37.00000, 1.47523e-04
37.20000, -1.78044e-04
37.40000, 1.80012e-04
37.60000, -1.48289e-04
37.80000, 8.00482e-05
38.00000, 1.87090e-05
38.20000, -1.26625e-04
38.40000, 2.12327e-04
38.60000, -2.51388e-04
38.80000, 2.39783e-04
39.00000, -1.92591e-04
39.20000, 1.32372e-04
39.40000, -7.79419e-05
39.60000, 3.89619e-05
39.80000, -1.62179e-05
40.00000, 5.36431e-06
40.20000, -1.16056e-06
40.40000, -1.09583e-07
40.60000, 2.83911e-07
40.80000, 2.16431e-07
41.00000, -2.36109e-06
41.20000, 9.40786e-06
41.40000, -2.80658e-05
41.60000, 6.77350e-05
41.80000, -1.35289e-04
42.00000, 2.26398e-04
42.20000, -3.20397e-04
42.40000, 3.86330e-04
42.60000, -3.98529e-04
42.80000, 3.50234e-04
43.00000, -2.55834e-04
43.20000, 1.42978e-04
43.40000, -4.10686e-05
43.60000, -2.93368e-05
43.80000, 6.26071e-05
44.00000, -6.57170e-05
44.20000, 4.91335e-05
44.40000, -1.99397e-05
44.60000, -1.60424e-05
44.80000, 4.79336e-05
45.00000, -6.03782e-05
45.20000, 4.39350e-05
45.40000, -4.92831e-06
45.60000, -3.69896e-05
45.80000, 6.24161e-05
46.00000, -6.44806e-05
46.20000, 5.08074e-05
46.40000, -3.76530e-05
46.60000, 4.31975e-05
46.80000, -8.16624e-05
47.00000, 1.55936e-04
47.20000, -2.51178e-04
47.40000, 3.37649e-04
47.60000, -3.85737e-04
47.80000, 3.83256e-04
48.00000, -3.40698e-04
48.20000, 2.80740e-04
48.40000, -2.22296e-04
48.60000, 1.72559e-04
48.80000, -1.30921e-04
49.00000, 9.70502e-05
49.20000, -7.47065e-05
49.40000, 7.28398e-05
49.60000, -1.10189e-04
49.80000, 2.18748e-04
50.00000, -4.30269e-04
50.20000, 7.42251e-04
50.40000, -1.09064e-03
50.60000, 1.36630e-03
50.80000, -1.47575e-03
51.00000, 1.39765e-03
51.20000, -1.18491e-03
51.40000, 9.12708e-04
51.60000, -6.22548e-04
51.80000, 3.12085e-04
52.00000, 2.35938e-05
52.20000, -3.43985e-04
52.40000, 5.63948e-04
52.60000, -6.13164e-04
52.80000, 4.99807e-04
53.00000, -3.11473e-04
53.20000, 1.49469e-04
53.40000, -6.20419e-05
53.60000, 3.52009e-05
53.80000, -3.16596e-05
54.00000, 2.74563e-05
54.20000, -1.86871e-05
54.40000, 9.85003e-06
54.60000, -4.06171e-06
54.80000, 1.29251e-06
55.00000, -2.77785e-07
55.20000, -4.59732e-08
55.40000, 3.98100e-07
55.60000, -1.76583e-06
55.80000, 6.35312e-06
56.00000, -1.82649e-05
56.20000, 4.24820e-05
56.40000, -8.07942e-05
56.60000, 1.26433e-04
56.80000, -1.63306e-04
57.00000, 1.74346e-04
57.20000, -1.54183e-04
57.40000, 1.14399e-04
57.60000, -7.57734e-05
57.80000, 5.49946e-05
58.00000, -5.69288e-05
58.20000, 7.55880e-05
58.40000, -9.95834e-05
58.60000, 1.17680e-04
58.80000, -1.22628e-04
59.00000, 1.12752e-04
59.20000, -9.14234e-05
59.40000, 6.50548e-05
59.60000, -4.03100e-05
59.80000, 2.15686e-05
60.00000, -9.89300e-06
60.20000, 3.86731e-06
60.40000, -1.28215e-06
60.60000, 3.58643e-07
60.80000, -8.46449e-08
61.00000, 1.84619e-08
61.20000, -6.55179e-09
61.40000, 5.22354e-09
61.60000, -4.19529e-09
61.80000, 1.94500e-09
62.00000, 8.78214e-10
62.20000, -3.31562e-09
62.40000, 4.81207e-09
62.60000, -5.51432e-09
62.80000, 6.15764e-09
63.00000, -7.45204e-09
63.20000, 9.38303e-09
63.40000, -1.11482e-08
63.60000, 1.18260e-08
63.80000, -1.10605e-08
64.00000, 9.15837e-09
64.20000, -6.76188e-09
64.40000, 4.57132e-09
64.60000, -3.23518e-09
64.80000, 3.20070e-09
65.00000, -4.47240e-09
65.20000, 6.51391e-09
65.40000, -8.46906e-09
65.60000, 9.58520e-09
65.80000, -9.59863e-09
66.00000, 8.88696e-09
66.20000, -8.24286e-09
66.40000, 8.33040e-09
66.60000, -9.22231e-09
66.80000, 1.04025e-08
67.00000, -1.11685e-08
67.20000, 1.10558e-08
67.40000, -1.00151e-08
67.60000, 8.32443e-09
67.80000, -6.37640e-09
68.00000, 4.50322e-09
68.20000, -2.90686e-09
68.40000, 1.66072e-09
68.60000, -7.44403e-10
68.80000, 1.08096e-10
69.00000, 2.40368e-10
69.20000, -1.68811e-10
69.40000, -5.55971e-10
69.60000, 2.12260e-09
69.80000, -4.48465e-09
70.00000, 7.26378e-09
70.20000, -9.80470e-09
70.40000, 1.13371e-08
70.60000, -1.12040e-08
70.80000, 9.12929e-09
71.00000, -5.41197e-09
71.20000, 8.80541e-10
71.40000, 3.40932e-09
71.60000, -6.54555e-09
71.80000, 8.00380e-09
72.00000, -7.73401e-09
72.20000, 6.13629e-09
72.40000, -3.92801e-09
72.60000, 1.91275e-09
72.80000, -7.30012e-10
73.00000, 6.52385e-10
73.20000, -1.46433e-09
73.40000, 2.52514e-09
73.60000, -3.10183e-09
73.80000, 2.79652e-09
74.00000, -1.72466e-09
74.20000, 3.44143e-10
74.40000, 8.38609e-10
74.60000, -1.47745e-09
74.80000, 1.48875e-09
75.00000, -1.05703e-09
75.20000, 5.19261e-10
75.40000, -1.74694e-10
75.60000, 1.36623e-10
75.80000, -2.87816e-10
76.00000, 3.32228e-10
76.20000, 4.78946e-11
76.40000, -9.47443e-10
76.60000, 2.07170e-09
76.80000, -2.83663e-09
77.00000, 2.68230e-09
77.20000, -1.35126e-09
77.40000, -1.00415e-09
77.60000, 3.84406e-09
77.80000, -6.37234e-09
78.00000, 7.81799e-09
78.20000, -7.78585e-09
78.40000, 6.43781e-09
78.60000, -4.34968e-09
78.80000, 2.16471e-09
79.00000, -3.19590e-10
79.20000, -9.96313e-10
79.40000, 1.71926e-09
79.60000, -1.81717e-09
79.80000, 1.33474e-09
80.00000, -4.96638e-10
80.20000, -3.15933e-10
80.40000, 7.67082e-10
80.60000, -7.65637e-10
80.80000, 4.65881e-10
81.00000, -1.05855e-10
81.20000, -1.32609e-10
81.40000, 1.66923e-10
81.60000, -1.82722e-11
81.80000, -2.01698e-10
82.00000, 3.65366e-10
82.20000, -4.36476e-10
82.40000, 4.97754e-10
82.60000, -6.58865e-10
82.80000, 9.45092e-10
83.00000, -1.27610e-09
83.20000, 1.52850e-09
83.40000, -1.60540e-09
83.60000, 1.47229e-09
83.80000, -1.16656e-09
84.00000, 7.84630e-10
84.20000, -4.40830e-10
84.40000, 2.17764e-10
84.60000, -1.47624e-10
84.80000, 2.31962e-10
85.00000, -4.61705e-10
85.20000, 8.05301e-10
85.40000, -1.18392e-09
85.60000, 1.47810e-09
85.80000, -1.57702e-09
86.00000, 1.43435e-09
86.20000, -1.08643e-09
86.40000, 6.21207e-10
86.60000, -1.32314e-10
86.80000, -2.95735e-10
87.00000, 5.77167e-10
87.20000, -6.40825e-10
87.40000, 4.76628e-10
87.60000, -1.51602e-10
87.80000, -2.27240e-10
88.00000, 5.54720e-10
88.20000, -7.50284e-10
88.40000, 7.87973e-10
88.60000, -7.20927e-10
88.80000, 6.52257e-10
89.00000, -6.90850e-10
89.20000, 1.07552e-09
89.40000, -2.87781e-09
89.60000, 1.03071e-08
89.80000, -3.63609e-08
90.00000, 1.11914e-07
90.20000, -2.90542e-07
90.40000, 6.30552e-07
90.60000, -1.14130e-06
90.80000, 1.72155e-06
91.00000, -2.16257e-06
91.20000, 2.25966e-06
91.40000, -1.96011e-06
91.60000, 1.40718e-06
91.80000, -8.32226e-07
92.00000, 4.02612e-07
92.20000, -1.57501e-07
92.40000, 4.87281e-08
92.60000, -1.11867e-08
92.80000, 1.22718e-09
93.00000, 8.27461e-10
93.20000, -1.29523e-09
93.40000, 1.55239e-09
93.60000, -1.68546e-09
93.80000, 1.57226e-09
94.00000, -1.14267e-09
94.20000, 4.45745e-10
94.40000, 3.48837e-10
94.60000, -1.00655e-09
94.80000, 1.32971e-09
95.00000, -1.25138e-09
95.20000, 8.52880e-10
95.40000, -2.95319e-10
95.60000, -2.62617e-10
95.80000, 6.94699e-10
96.00000, -9.10687e-10
96.20000, 8.86655e-10
96.40000, -6.92553e-10
96.60000, 4.51859e-10
96.80000, -2.61630e-10
97.00000, 1.66991e-10
97.20000, -1.99944e-10
97.40000, 3.91102e-10
97.60000, -7.11271e-10
97.80000, 1.02738e-09
98.00000, -1.16793e-09
98.20000, 1.05872e-09
98.40000, -7.88087e-10
98.60000, 5.30110e-10
98.80000, -4.05864e-10
99.00000, 4.13054e-10
99.20000, -4.64835e-10
99.40000, 4.76871e-10
99.60000, -4.26615e-10
99.80000, 3.54644e-10
100.00000, -3.21365e-10
