# Frequency (THz), VDOS (THz^-1)
0.00000, -1.57722e-04
0.20000, 1.45739e-04
0.40000, -1.14740e-04
0.60000, 7.56284e-05
0.80000, -3.77888e-05
1.00000, 5.68256e-06
1.20000, 1.87835e-05
1.40000, -3.33324e-05
1.60000, 3.62920e-05
1.80000, -2.95866e-05
2.00000, 1.91339e-05
2.20000, -1.17877e-05
2.40000, 1.14998e-05
2.60000, -1.68754e-05
2.80000, 2.15918e-05
3.00000, -1.87154e-05
3.20000, 6.28986e-06
3.40000, 1.13334e-05
3.60000, -2.76014e-05
3.80000, 3.80007e-05
4.00000, -4.01747e-05
4.20000, 3.22152e-05
4.40000, -1.33663e-05
4.60000, -1.34492e-05
4.80000, 4.11162e-05
5.00000, -6.06750e-05
5.20000, 6.45275e-05
5.40000, -5.01194e-05
5.60000, 2.34633e-05
5.80000, 2.05962e-06
6.00000, -1.40940e-05
6.20000, 1.03143e-05
6.40000, 7.74836e-07
6.60000, -7.34917e-06
6.80000, 4.00825e-06
7.00000, -5.24910e-07
7.20000, 2.64175e-05
7.40000, -1.19919e-04
7.60000, 2.93609e-04
7.80000, -4.99937e-04
8.00000, 6.43393e-04
8.20000, -6.49716e-04
8.40000, 5.31106e-04
8.60000, -3.76443e-04
8.80000, 2.74439e-04
9.00000, -2.48186e-04
9.20000, 2.56991e-04
9.40000, -2.46693e-04
9.60000, 1.93524e-04
9.80000, -1.11157e-04
10.00000, 3.07591e-05
10.20000, 2.03377e-05
10.40000, -2.68008e-05
10.60000, -1.55134e-05
10.80000, 9.85171e-05
11.00000, -1.98729e-04
11.20000, 2.82555e-04
11.40000, -3.22801e-04
11.60000, 3.12686e-04
11.80000, -2.64532e-04
12.00000, 1.97848e-04
12.20000, -1.29753e-04
12.40000, 7.21228e-05
12.60000, -3.14804e-05
12.80000, 8.86121e-06
13.00000, -4.94779e-07
13.20000, 1.38632e-07
13.40000, -2.11896e-06
13.60000, 3.36376e-06
13.80000, -3.47582e-06
14.00000, 3.28839e-06
14.20000, -3.15211e-06
14.40000, 2.00350e-06
14.60000, 2.35094e-06
14.80000, -1.19620e-05
15.00000, 2.74028e-05
15.20000, -4.73154e-05
15.40000, 6.86174e-05
15.60000, -8.65782e-05
15.80000, 9.54341e-05
16.00000, -9.08732e-05
16.20000, 7.29749e-05
16.40000, -4.58349e-05
16.60000, 1.23418e-05
16.80000, 3.31849e-05
17.00000, -1.08947e-04
17.20000, 2.38698e-04
17.40000, -4.29513e-04
17.60000, 6.46201e-04
17.80000, -8.12190e-04
18.00000, 8.53331e-04
18.20000, -7.53576e-04
18.40000, 5.67558e-04
18.60000, -3.77595e-04
18.80000, 2.40666e-04
19.00000, -1.69387e-04
19.20000, 1.45370e-04
19.40000, -1.40267e-04
19.60000, 1.30290e-04
19.80000, -1.01303e-04
20.00000, 4.56920e-05
20.20000, 4.14424e-05
20.40000, -1.57384e-04
20.60000, 2.80811e-04
20.80000, -3.71261e-04
21.00000, 3.89904e-04
21.20000, -3.27695e-04
21.40000, 2.13586e-04
21.60000, -9.46667e-05
21.80000, 8.36361e-06
22.00000, 3.10295e-05
22.20000, -2.90246e-05
22.40000, 1.32215e-06
22.60000, 3.41851e-05
22.80000, -6.23777e-05
23.00000, 7.42424e-05
23.20000, -6.91339e-05
23.40000, 5.42810e-05
23.60000, -4.01718e-05
23.80000, 3.43068e-05
24.00000, -3.78065e-05
24.20000, 4.63448e-05
24.40000, -5.34848e-05
24.60000, 5.45466e-05
24.80000, -4.96771e-05
25.00000, 4.37393e-05
25.20000, -4.18916e-05
25.40000, 4.50665e-05
25.60000, -5.16376e-05
25.80000, 6.35028e-05
26.00000, -8.49019e-05
26.20000, 1.07953e-04
26.40000, -9.93903e-05
26.60000, 1.17352e-05
26.80000, 1.79341e-04
27.00000, -4.41294e-04
27.20000, 6.88458e-04
27.40000, -8.26050e-04
27.60000, 8.03289e-04
27.80000, -6.39235e-04
28.00000, 4.06979e-04
28.20000, -1.90869e-04
28.40000, 4.94680e-05
28.60000, -9.80396e-06
28.80000, 8.58128e-05
29.00000, -2.85643e-04
29.20000, 5.86633e-04
29.40000, -9.07595e-04
29.60000, 1.13188e-03
29.80000, -1.18316e-03
30.00000, 1.08199e-03
30.20000, -9.19748e-04
30.40000, 7.77364e-04
30.60000, -6.73127e-04
30.80000, 5.79238e-04
31.00000, -4.70294e-04
31.20000, 3.48847e-04
31.40000, -2.34834e-04
31.60000, 1.44271e-04
31.80000, -8.08188e-05
32.00000, 4.04076e-05
32.20000, -1.75888e-05
32.40000, 7.81116e-06
32.60000, -7.01952e-06
32.80000, 1.10731e-05
33.00000, -1.58866e-05
33.20000, 1.81505e-05
33.40000, -1.60761e-05
33.60000, 9.61594e-06
33.80000, -3.93125e-08
34.00000, -1.08280e-05
34.20000, 2.12786e-05
34.40000, -3.00222e-05
34.60000, 3.61154e-05
34.80000, -3.88824e-05
35.00000, 3.82391e-05
35.20000, -3.53340e-05
35.40000, 3.27972e-05
35.60000, -3.38707e-05
35.80000, 4.04881e-05
36.00000, -5.14502e-05
36.20000, 6.23350e-05
36.40000, -6.80348e-05
36.60000, 6.69587e-05
36.80000, -6.43210e-05
37.00000, 7.22801e-05
37.20000, -1.06434e-04
37.40000, 1.78629e-04
37.60000, -2.86867e-04
37.80000, 4.10006e-04
38.00000, -5.20579e-04
38.20000, 6.12430e-04
38.40000, -7.08869e-04
38.60000, 8.25343e-04
38.80000, -9.22952e-04
39.00000, 9.21881e-04
39.20000, -7.78785e-04
39.40000, 5.45876e-04
39.60000, -3.42193e-04
39.80000, 2.62203e-04
40.00000, -3.06626e-04
40.20000, 3.92381e-04
40.40000, -4.25664e-04
40.60000, 3.70659e-04
40.80000, -2.58742e-04
41.00000, 1.45343e-04
41.20000, -6.56365e-05
41.40000, 2.35958e-05
41.60000, -6.56548e-06
41.80000, 1.31093e-06
42.00000, -1.50341e-07
42.20000, 1.63961e-09
42.40000, 6.42370e-08
42.60000, -4.09720e-07
42.80000, 1.69649e-06
43.00000, -5.64799e-06
43.20000, 1.57425e-05
43.40000, -3.68700e-05
43.60000, 7.24889e-05
43.80000, -1.19589e-04
44.00000, 1.65815e-04
44.20000, -1.94457e-04
44.40000, 1.96236e-04
44.60000, -1.77076e-04
44.80000, 1.52414e-04
45.00000, -1.33311e-04
45.20000, 1.19469e-04
45.40000, -1.05447e-04
45.60000, 9.07541e-05
45.80000, -8.18767e-05
46.00000, 8.51098e-05
46.20000, -9.85884e-05
46.40000, 1.12020e-04
46.60000, -1.15365e-04
46.80000, 1.08396e-04
47.00000, -1.00321e-04
47.20000, 9.88603e-05
47.40000, -1.01029e-04
47.60000, 9.60720e-05
47.80000, -7.62982e-05
48.00000, 4.40090e-05
48.20000, -9.63345e-06
48.40000, -1.42150e-05
48.60000, 1.67481e-05
48.80000, 9.75404e-06
49.00000, -6.83146e-05
49.20000, 1.53088e-04
49.40000, -2.44610e-04
49.60000, 3.10624e-04
49.80000, -3.18903e-04
50.00000, 2.58930e-04
50.20000, -1.55172e-04
50.40000, 5.66326e-05
50.60000, -1.12307e-05
50.80000, 4.91534e-05
51.00000, -1.81958e-04
51.20000, 3.99856e-04
51.40000, -6.59391e-04
51.60000, 8.82366e-04
51.80000, -9.81274e-04
52.00000, 8.90437e-04
52.20000, -5.80143e-04
52.40000, 6.90348e-05
52.60000, 5.48382e-04
52.80000, -1.09449e-03
53.00000, 1.37218e-03
53.20000, -1.27801e-03
53.40000, 8.71580e-04
53.60000, -3.36976e-04
53.80000, -1.25423e-04
54.00000, 3.85888e-04
54.20000, -4.06011e-04
54.40000, 2.19202e-04
54.60000, 9.03715e-05
54.80000, -4.07488e-04
55.00000, 6.21290e-04
55.20000, -6.71968e-04
55.40000, 5.75946e-04
55.60000, -4.05297e-04
55.80000, 2.37572e-04
56.00000, -1.16783e-04
56.20000, 4.82544e-05
56.40000, -1.66373e-05
56.60000, 4.54792e-06
56.80000, -7.09383e-07
57.00000, -2.03890e-07
57.20000, 2.07577e-07
57.40000, 1.70467e-08
57.60000, -2.25763e-07
57.80000, 3.02906e-07
58.00000, -1.74645e-07
58.20000, -1.83920e-07
58.40000, 7.05623e-07
58.60000, -1.22316e-06
58.80000, 1.49771e-06
59.00000, -1.07021e-06
59.20000, -1.51531e-06
59.40000, 1.04215e-05
59.60000, -3.42381e-05
59.80000, 8.45188e-05
60.00000, -1.67561e-04
60.20000, 2.71912e-04
60.40000, -3.63926e-04
60.60000, 4.03152e-04
60.80000, -3.70403e-04
61.00000, 2.83631e-04
61.20000, -1.86779e-04
61.40000, 1.25445e-04
61.60000, -1.32429e-04
61.80000, 2.24821e-04
62.00000, -3.94467e-04
62.20000, 5.86721e-04
62.40000, -6.96039e-04
62.60000, 6.13178e-04
62.80000, -3.09562e-04
63.00000, -1.15179e-04
63.20000, 4.83598e-04
63.40000, -6.57261e-04
63.60000, 6.18378e-04
63.80000, -4.52687e-04
64.00000, 2.68494e-04
64.20000, -1.31399e-04
64.40000, 5.35364e-05
64.60000, -1.81724e-05
64.80000, 4.99713e-06
65.00000, -8.90436e-07
65.20000, -1.81523e-07
65.40000, 3.70379e-07
65.60000, -3.17148e-07
65.80000, 2.07931e-07
66.00000, -1.06336e-07
66.20000, 3.44672e-08
66.40000, 5.08898e-09
66.60000, -1.82703e-08
66.80000, 1.32798e-08
67.00000, 2.11556e-09
67.20000, -2.15420e-08
67.40000, 4.04078e-08
67.60000, -5.58994e-08
67.80000, 6.66479e-08
68.00000, -7.24217e-08
68.20000, 7.37982e-08
68.40000, -7.12676e-08
68.60000, 6.43100e-08
68.80000, -5.22574e-08
69.00000, 3.68286e-08
69.20000, -2.29246e-08
69.40000, 1.53602e-08
69.60000, -1.43301e-08
69.80000, 1.47233e-08
70.00000, -1.06680e-08
70.20000, 1.10506e-09
70.40000, 9.24950e-09
70.60000, -1.46114e-08
70.80000, 1.34628e-08
71.00000, -8.99289e-09
71.20000, 5.03767e-09
71.40000, -2.67167e-09
71.60000, 6.26374e-10
71.80000, 2.24079e-09
72.00000, -5.57135e-09
72.20000, 7.88047e-09
72.40000, -7.52617e-09
72.60000, 3.75455e-09
72.80000, 2.19104e-09
73.00000, -6.93757e-09
73.20000, 6.97465e-09
73.40000, -1.56257e-09
73.60000, -6.40132e-09
73.80000, 1.25972e-08
74.00000, -1.43451e-08
74.20000, 1.18650e-08
74.40000, -7.36927e-09
74.60000, 3.33076e-09
74.80000, -1.16628e-09
75.00000, 7.90779e-10
75.20000, -8.32360e-10
75.40000, -1.03824e-09
75.60000, 7.51044e-09
75.80000, -1.94340e-08
76.00000, 3.23563e-08
76.20000, -3.68325e-08
76.40000, 2.64845e-08
76.60000, -6.60463e-09
76.80000, -9.25420e-09
77.00000, 1.29289e-08
77.20000, -8.87785e-09
77.40000, 6.74722e-09
77.60000, -9.33649e-09
77.80000, 9.05635e-09
78.00000, 4.05259e-09
78.20000, -2.98906e-08
78.40000, 5.44595e-08
78.60000, -6.14874e-08
78.80000, 4.80398e-08
79.00000, -2.57513e-08
79.20000, 7.33449e-09
79.40000, 4.35020e-09
79.60000, -1.39123e-08
79.80000, 2.41418e-08
80.00000, -3.15096e-08
80.20000, 3.03761e-08
80.40000, -1.99918e-08
80.60000, 5.78433e-09
80.80000, 6.32267e-09
81.00000, -1.52753e-08
81.20000, 2.38476e-08
81.40000, -3.34933e-08
81.60000, 4.14339e-08
81.80000, -4.27684e-08
82.00000, 3.50965e-08
82.20000, -2.07391e-08
82.40000, 3.42283e-09
82.60000, 1.79295e-08
82.80000, -5.03809e-08
83.00000, 9.83581e-08
83.20000, -1.52533e-07
83.40000, 1.90584e-07
83.60000, -1.93120e-07
83.80000, 1.59586e-07
84.00000, -1.07790e-07
84.20000, 5.92854e-08
84.40000, -2.62927e-08
84.60000, 9.62535e-09
84.80000, -4.15206e-09
85.00000, 4.44655e-09
85.20000, -7.48098e-09
85.40000, 1.28000e-08
85.60000, -2.11010e-08
85.80000, 3.22077e-08
86.00000, -4.39981e-08
86.20000, 5.31824e-08
86.40000, -5.69444e-08
86.60000, 5.39973e-08
86.80000, -4.49781e-08
87.00000, 3.25042e-08
87.20000, -2.03249e-08
87.40000, 1.14993e-08
87.60000, -7.14264e-09
87.80000, 6.94380e-09
88.00000, -1.04621e-08
88.20000, 1.72984e-08
88.40000, -2.56075e-08
88.60000, 2.99230e-08
88.80000, -1.85611e-08
89.00000, -3.66402e-08
89.20000, 2.38320e-07
89.40000, -1.00454e-06
89.60000, 3.78935e-06
89.80000, -1.26011e-05
90.00000, 3.59044e-05
90.20000, -8.64890e-05
90.40000, 1.75156e-04
90.60000, -2.97277e-04
90.80000, 4.21543e-04
91.00000, -4.97438e-04
91.20000, 4.85647e-04
91.40000, -3.88691e-04
91.60000, 2.51043e-04
91.80000, -1.26877e-04
92.00000, 4.65557e-05
92.20000, -9.22461e-06
92.40000, -1.93641e-06
92.60000, 2.71646e-06
92.80000, -1.38854e-06
93.00000, 4.57424e-07
93.20000, -7.66671e-08
93.40000, -3.24706e-08
93.60000, 4.90499e-08
93.80000, -4.32846e-08
94.00000, 3.55284e-08
94.20000, -2.83021e-08
94.40000, 2.02352e-08
94.60000, -1.13939e-08
94.80000, 3.48608e-09
95.00000, 1.50096e-09
95.20000, -2.00486e-09
95.40000, -2.78369e-09
95.60000, 1.22697e-08
95.80000, -2.40447e-08
96.00000, 3.46088e-08
96.20000, -4.08567e-08
96.40000, 4.11754e-08
96.60000, -3.57906e-08
96.80000, 2.66317e-08
97.00000, -1.65787e-08
97.20000, 8.11271e-09
97.40000, -2.35357e-09
97.60000, -6.85004e-10
97.80000, 1.07830e-09
98.00000, 1.92794e-09
98.20000, -1.04656e-08
98.40000, 2.77388e-08
98.60000, -5.56327e-08
98.80000, 9.05382e-08
99.00000, -1.21515e-07
99.20000, 1.35308e-07
99.40000, -1.26034e-07
99.60000, 1.00768e-07
99.80000, -7.54519e-08
100.00000, 6.50428e-08
