# Frequency (THz), VDOS (THz^-1)
0.00000, 4.37321e-04
0.20000, -4.04471e-04
0.40000, 3.21757e-04
0.60000, -2.24660e-04
0.80000, 1.44125e-04
1.00000, -9.16347e-05
1.20000, 6.16793e-05
1.40000, -4.31704e-05
1.60000, 2.81541e-05
1.80000, -1.36454e-05
2.00000, -4.54001e-07
2.20000, 1.32093e-05
2.40000, -2.31648e-05
2.60000, 2.86877e-05
2.80000, -2.87299e-05
3.00000, 2.34667e-05
3.20000, -1.44739e-05
3.40000, 4.47755e-06
3.60000, 3.50564e-06
3.80000, -7.52025e-06
4.00000, 7.52831e-06
4.20000, -4.95358e-06
4.40000, 1.43921e-06
4.60000, 1.99530e-06
4.80000, -4.94745e-06
5.00000, 7.21629e-06
5.20000, -8.53833e-06
5.40000, 8.65987e-06
5.60000, -7.55421e-06
5.80000, 5.49668e-06
6.00000, -2.94224e-06
6.20000, 3.56868e-07
6.40000, 1.91646e-06
6.60000, -3.75218e-06
6.80000, 5.21241e-06
7.00000, -6.36071e-06
7.20000, 7.11402e-06
7.40000, -7.35941e-06
7.60000, 7.26556e-06
7.80000, -7.42722e-06
8.00000, 8.57667e-06
8.20000, -1.10411e-05
8.40000, 1.43848e-05
8.60000, -1.74323e-05
8.80000, 1.85677e-05
9.00000, -1.62491e-05
9.20000, 9.75341e-06
9.40000, 1.16880e-07
9.60000, -1.09292e-05
9.80000, 1.94909e-05
10.00000, -2.33466e-05
10.20000, 2.19089e-05
10.40000, -1.63431e-05
10.60000, 8.29854e-06
10.80000, 1.32818e-06
11.00000, -1.23234e-05
11.20000, 2.38968e-05
11.40000, -3.38450e-05
11.60000, 3.92573e-05
11.80000, -3.78655e-05
12.00000, 2.87104e-05
12.20000, -1.27530e-05
12.40000, -5.43719e-06
12.60000, 1.70319e-05
12.80000, -1.32540e-05
13.00000, -6.79443e-06
13.20000, 3.30860e-05
13.40000, -5.15376e-05
13.60000, 5.45802e-05
13.80000, -4.50099e-05
14.00000, 3.11692e-05
14.20000, -2.03012e-05
14.40000, 1.58022e-05
14.60000, -1.79518e-05
14.80000, 2.51088e-05
15.00000, -3.41105e-05
15.20000, 4.08254e-05
15.40000, -4.19761e-05
15.60000, 3.73626e-05
15.80000, -2.98746e-05
16.00000, 2.24906e-05
16.20000, -1.55482e-05
16.40000, 7.78445e-06
16.60000, 4.31794e-07
16.80000, -6.42947e-06
17.00000, 8.33841e-06
17.20000, -8.09366e-06
17.40000, 1.05205e-05
17.60000, -1.90798e-05
17.80000, 3.24205e-05
18.00000, -4.52555e-05
18.20000, 5.28235e-05
18.40000, -5.45101e-05
18.60000, 5.31356e-05
18.80000, -5.10370e-05
19.00000, 4.74765e-05
19.20000, -4.05438e-05
19.40000, 3.16409e-05
19.60000, -2.72217e-05
19.80000, 3.52549e-05
20.00000, -5.98846e-05
20.20000, 9.92038e-05
20.40000, -1.46788e-04
20.60000, 1.94397e-04
20.80000, -2.34085e-04
21.00000, 2.59076e-04
21.20000, -2.63193e-04
21.40000, 2.41010e-04
21.60000, -1.91818e-04
21.80000, 1.24728e-04
22.00000, -5.65732e-05
22.20000, 1.09720e-06
22.40000, 3.95050e-05
22.60000, -7.14824e-05
22.80000, 1.02015e-04
23.00000, -1.39803e-04
23.20000, 2.00097e-04
23.40000, -2.97466e-04
23.60000, 4.23983e-04
23.80000, -5.36969e-04
24.00000, 5.79900e-04
24.20000, -5.24236e-04
24.40000, 3.91637e-04
24.60000, -2.35100e-04
24.80000, 1.00929e-04
25.00000, -6.97564e-06
25.20000, -5.20593e-05
25.40000, 8.72879e-05
25.60000, -1.04662e-04
25.80000, 1.06324e-04
26.00000, -9.66499e-05
26.20000, 8.24718e-05
26.40000, -6.72421e-05
26.60000, 4.79936e-05
26.80000, -1.95310e-05
27.00000, -1.84904e-05
27.20000, 5.71081e-05
27.40000, -7.96100e-05
27.60000, 7.06763e-05
27.80000, -2.78080e-05
28.00000, -3.60753e-05
28.20000, 1.01626e-04
28.40000, -1.52610e-04
28.60000, 1.76901e-04
28.80000, -1.64137e-04
29.00000, 1.08597e-04
29.20000, -1.41139e-05
29.40000, -1.08010e-04
29.60000, 2.46812e-04
29.80000, -3.94531e-04
30.00000, 5.41383e-04
30.20000, -6.71900e-04
30.40000, 7.70133e-04
30.60000, -8.26407e-04
30.80000, 8.34563e-04
31.00000, -7.84651e-04
31.20000, 6.67753e-04
31.40000, -4.93591e-04
31.60000, 2.98513e-04
31.80000, -1.28992e-04
32.00000, 1.52044e-05
32.20000, 4.12933e-05
32.40000, -5.99964e-05
32.60000, 6.51278e-05
32.80000, -7.19683e-05
33.00000, 8.12214e-05
33.20000, -8.26647e-05
33.40000, 6.51862e-05
33.60000, -2.60163e-05
33.80000, -2.75388e-05
34.00000, 8.37656e-05
34.20000, -1.32941e-04
34.40000, 1.68946e-04
34.60000, -1.87723e-04
34.80000, 1.87573e-04
35.00000, -1.71552e-04
35.20000, 1.47241e-04
35.40000, -1.22600e-04
35.60000, 1.03027e-04
35.80000, -9.27013e-05
36.00000, 9.49515e-05
36.20000, -1.06504e-04
36.40000, 1.12506e-04
36.60000, -9.47669e-05
36.80000, 5.05124e-05
37.00000, -8.23646e-08
37.20000, -3.01103e-05
37.40000, 3.20208e-05
37.60000, -1.91170e-05
37.80000, 7.13891e-06
38.00000, 8.90456e-07
38.20000, -9.59963e-06
38.40000, 1.91648e-05
38.60000, -2.38141e-05
38.80000, 1.95044e-05
39.00000, -7.93191e-06
39.20000, -7.74378e-06
39.40000, 2.76293e-05
39.60000, -5.22994e-05
39.80000, 7.62782e-05
40.00000, -8.87208e-05
40.20000, 8.28484e-05
40.40000, -6.28405e-05
40.60000, 3.98003e-05
40.80000, -2.15777e-05
41.00000, 6.50186e-06
41.20000, 1.35974e-05
41.40000, -4.28523e-05
41.60000, 7.22455e-05
41.80000, -8.26638e-05
42.00000, 6.04353e-05
42.20000, -1.13826e-05
42.40000, -4.11038e-05
42.60000, 7.26289e-05
42.80000, -7.23215e-05
43.00000, 4.12392e-05
43.20000, 2.04615e-05
43.40000, -1.18638e-04
43.60000, 2.52967e-04
43.80000, -4.01214e-04
44.00000, 5.21524e-04
44.20000, -5.74984e-04
44.40000, 5.48361e-04
44.60000, -4.58429e-04
44.80000, 3.38851e-04
45.00000, -2.22705e-04
45.20000, 1.30589e-04
45.40000, -6.75018e-05
45.60000, 2.77895e-05
45.80000, -3.50718e-06
46.00000, -1.06457e-05
46.20000, 1.83931e-05
46.40000, -2.49094e-05
46.60000, 3.65861e-05
46.80000, -5.63903e-05
47.00000, 7.83213e-05
47.20000, -8.74704e-05
47.40000, 7.00752e-05
47.60000, -2.76272e-05
47.80000, -1.99061e-05
48.00000, 4.84479e-05
48.20000, -4.82415e-05
48.40000, 2.72168e-05
48.60000, 1.64306e-06
48.80000, -3.23401e-05
49.00000, 6.54413e-05
49.20000, -9.96488e-05
49.40000, 1.26164e-04
49.60000, -1.30953e-04
49.80000, 1.03486e-04
50.00000, -4.68477e-05
50.20000, -1.90688e-05
50.40000, 6.75747e-05
50.60000, -8.28717e-05
50.80000, 6.95175e-05
51.00000, -4.49792e-05
51.20000, 2.44386e-05
51.40000, -1.27902e-05
51.60000, 7.48436e-06
51.80000, -4.82208e-06
52.00000, 3.19003e-06
52.20000, -3.28349e-06
52.40000, 8.13293e-06
52.60000, -2.36795e-05
52.80000, 5.77279e-05
53.00000, -1.15351e-04
53.20000, 1.93700e-04
53.40000, -2.83159e-04
53.60000, 3.75373e-04
53.80000, -4.66070e-04
54.00000, 5.43430e-04
54.20000, -5.75884e-04
54.40000, 5.23916e-04
54.60000, -3.74401e-04
54.80000, 1.63655e-04
55.00000, 3.77948e-05
55.20000, -1.67017e-04
55.40000, 2.01799e-04
55.60000, -1.62986e-04
55.80000, 9.22101e-05
56.00000, -2.62075e-05
56.20000, -1.62635e-05
56.40000, 3.32852e-05
56.60000, -3.22328e-05
56.80000, 2.28592e-05
57.00000, -1.30345e-05
57.20000, 6.82192e-06
57.40000, -4.69233e-06
57.60000, 5.23779e-06
57.80000, -6.92424e-06
58.00000, 8.81140e-06
58.20000, -1.03420e-05
58.40000, 1.08077e-05
58.60000, -8.97970e-06
58.80000, 3.58429e-06
59.00000, 4.84690e-06
59.20000, -1.17979e-05
59.40000, 8.91779e-06
59.60000, 1.16491e-05
59.80000, -5.03895e-05
60.00000, 9.64921e-05
60.20000, -1.32146e-04
60.40000, 1.43527e-04
60.60000, -1.29316e-04
60.80000, 9.91412e-05
61.00000, -6.47962e-05
61.20000, 3.36513e-05
61.40000, -8.78725e-06
61.60000, -8.11801e-06
61.80000, 1.61248e-05
62.00000, -1.63308e-05
62.20000, 1.20346e-05
62.40000, -6.90846e-06
62.60000, 3.11363e-06
62.80000, -1.00341e-06
63.00000, 3.75915e-08
63.20000, 3.44788e-07
63.40000, -4.50024e-07
63.60000, 4.11966e-07
63.80000, -3.03184e-07
64.00000, 1.79314e-07
64.20000, -8.21623e-08
64.40000, 3.08047e-08
64.60000, -1.84744e-08
64.80000, 2.32144e-08
65.00000, -2.56316e-08
65.20000, 1.95733e-08
65.40000, -7.09516e-09
65.60000, -2.06209e-08
65.80000, 1.03661e-07
66.00000, -3.08153e-07
66.20000, 6.70686e-07
66.40000, -1.11909e-06
66.60000, 1.46097e-06
66.80000, -1.49802e-06
67.00000, 1.18315e-06
67.20000, -6.64975e-07
67.40000, 1.75265e-07
67.60000, 1.26509e-07
67.80000, -2.20227e-07
68.00000, 1.82606e-07
68.20000, -1.05243e-07
68.40000, 4.27942e-08
68.60000, -8.43086e-09
68.80000, -6.01642e-09
69.00000, 1.13116e-08
69.20000, -1.33190e-08
69.40000, 1.36499e-08
69.60000, -1.26443e-08
69.80000, 1.12445e-08
70.00000, -1.08771e-08
70.20000, 1.22660e-08
70.40000, -1.47462e-08
70.60000, 1.67660e-08
70.80000, -1.69300e-08
71.00000, 1.46817e-08
71.20000, -1.04388e-08
71.40000, 5.38931e-09
71.60000, -9.86981e-10
71.80000, -1.76046e-09
72.00000, 2.75470e-09
72.20000, -2.64788e-09
72.40000, 2.24836e-09
72.60000, -2.00523e-09
72.80000, 1.87462e-09
73.00000, -1.49802e-09
73.20000, 4.43584e-10
73.40000, 1.66021e-09
73.60000, -5.01132e-09
73.80000, 9.31176e-09
74.00000, -1.33254e-08
74.20000, 1.49422e-08
74.40000, -1.22983e-08
74.60000, 5.50232e-09
74.80000, 2.53517e-09
75.00000, -7.48328e-09
75.20000, 6.70729e-09
75.40000, -1.63751e-09
75.60000, -2.96515e-09
75.80000, 2.49098e-09
76.00000, 4.18798e-09
76.20000, -1.40727e-08
76.40000, 2.20531e-08
76.60000, -2.37424e-08
76.80000, 1.75509e-08
77.00000, -5.37369e-09
77.20000, -8.32167e-09
77.40000, 1.87511e-08
77.60000, -2.32500e-08
77.80000, 2.23372e-08
78.00000, -1.86754e-08
78.20000, 1.48516e-08
78.40000, -1.19296e-08
78.60000, 9.79757e-09
78.80000, -8.31082e-09
79.00000, 7.64692e-09
79.20000, -7.73304e-09
79.40000, 7.91620e-09
79.60000, -7.52808e-09
79.80000, 6.63628e-09
80.00000, -5.94642e-09
80.20000, 5.84867e-09
80.40000, -5.68922e-09
80.60000, 4.14707e-09
80.80000, -2.99170e-10
81.00000, -5.80286e-09
81.20000, 1.34922e-08
81.40000, -2.20823e-08
81.60000, 3.09175e-08
81.80000, -3.89564e-08
82.00000, 4.45649e-08
82.20000, -4.59696e-08
82.40000, 4.22114e-08
82.60000, -3.40289e-08
82.80000, 2.39550e-08
83.00000, -1.51445e-08
83.20000, 9.44161e-09
83.40000, -6.29809e-09
83.60000, 3.67342e-09
83.80000, -8.74986e-11
84.00000, -4.11881e-09
84.20000, 7.31320e-09
84.40000, -8.15559e-09
84.60000, 6.71468e-09
84.80000, -4.28381e-09
85.00000, 2.35470e-09
85.20000, -1.74752e-09
85.40000, 2.37619e-09
85.60000, -3.48012e-09
85.80000, 4.05489e-09
86.00000, -3.37310e-09
86.20000, 1.45610e-09
86.40000, 8.12101e-10
86.60000, -2.18889e-09
86.80000, 1.99846e-09
87.00000, -7.59746e-10
87.20000, -8.92467e-11
87.40000, -8.72225e-10
87.60000, 4.29488e-09
87.80000, -9.90572e-09
88.00000, 1.66493e-08
88.20000, -2.29572e-08
88.40000, 2.76635e-08
88.60000, -3.19963e-08
88.80000, 4.18768e-08
89.00000, -7.04074e-08
89.20000, 1.52190e-07
89.40000, -4.17448e-07
89.60000, 1.32998e-06
89.80000, -4.18062e-06
90.00000, 1.16137e-05
90.20000, -2.72018e-05
90.40000, 5.26187e-05
90.60000, -8.26820e-05
90.80000, 1.02771e-04
91.00000, -9.48803e-05
91.20000, 5.15683e-05
91.40000, 1.41018e-05
91.60000, -7.45528e-05
91.80000, 1.06142e-04
92.00000, -1.03481e-04
92.20000, 7.83943e-05
92.40000, -4.80091e-05
92.60000, 2.40042e-05
92.80000, -9.65648e-06
93.00000, 2.88728e-06
93.20000, -3.49715e-07
93.40000, -3.73623e-07
93.60000, 4.77157e-07
93.80000, -4.05035e-07
94.00000, 2.92161e-07
94.20000, -1.80251e-07
94.40000, 8.75193e-08
94.60000, -2.28598e-08
94.80000, -1.29793e-08
95.00000, 2.61902e-08
95.20000, -2.64136e-08
95.40000, 2.24919e-08
95.60000, -1.97127e-08
95.80000, 1.94435e-08
96.00000, -2.04539e-08
96.20000, 2.07383e-08
96.40000, -1.89765e-08
96.60000, 1.51624e-08
96.80000, -1.03185e-08
97.00000, 5.71214e-09
97.20000, -2.21297e-09
97.40000, 8.33808e-11
97.60000, 9.58263e-10
97.80000, -1.57732e-09
98.00000, 2.51509e-09
98.20000, -4.14724e-09
98.40000, 6.19406e-09
98.60000, -7.86106e-09
98.80000, 8.35130e-09
99.00000, -7.39724e-09
99.20000, 5.44082e-09
99.40000, -3.32913e-09
99.60000, 1.76107e-09
99.80000, -9.41643e-10
100.00000, 7.10052e-10
