# Frequency (THz), VDOS (THz^-1)
0.00000, 2.23376e-04
0.20000, -2.08640e-04
0.40000, 1.72956e-04
0.60000, -1.34518e-04
0.80000, 1.07424e-04
1.00000, -9.49502e-05
1.20000, 9.22144e-05
1.40000, -9.14323e-05
1.60000, 8.53119e-05
1.80000, -6.93001e-05
2.00000, 4.35873e-05
2.20000, -1.34120e-05
2.40000, -1.37323e-05
2.60000, 3.24440e-05
2.80000, -4.17367e-05
3.00000, 4.38359e-05
3.20000, -4.16925e-05
3.40000, 3.77126e-05
3.60000, -3.34581e-05
3.80000, 2.93112e-05
4.00000, -2.46304e-05
4.20000, 1.88673e-05
4.40000, -1.25946e-05
4.60000, 7.45286e-06
4.80000, -5.29944e-06
5.00000, 7.22053e-06
5.20000, -1.28601e-05
5.40000, 2.05595e-05
5.60000, -2.82542e-05
5.80000, 3.40719e-05
6.00000, -3.59441e-05
6.20000, 3.13146e-05
6.40000, -1.85424e-05
6.60000, -5.43055e-07
6.80000, 1.98176e-05
7.00000, -3.17547e-05
7.20000, 3.22190e-05
7.40000, -2.30742e-05
7.60000, 1.05215e-05
7.80000, -7.77117e-07
8.00000, -3.58380e-06
8.20000, 4.15905e-06
8.40000, -4.20625e-06
8.60000, 5.72577e-06
8.80000, -8.76867e-06
9.00000, 1.27702e-05
9.20000, -1.76850e-05
9.40000, 2.37705e-05
9.60000, -3.07961e-05
9.80000, 3.76381e-05
10.00000, -4.23608e-05
10.20000, 4.27687e-05
10.40000, -3.75367e-05
10.60000, 2.72356e-05
10.80000, -1.41155e-05
11.00000, 8.80926e-07
11.20000, 1.00461e-05
11.40000, -1.63963e-05
11.60000, 1.62360e-05
11.80000, -8.95140e-06
12.00000, -3.95009e-06
12.20000, 1.90591e-05
12.40000, -3.22079e-05
12.60000, 4.00736e-05
12.80000, -4.13827e-05
13.00000, 3.66733e-05
13.20000, -2.69274e-05
13.40000, 1.29259e-05
13.60000, 3.87306e-06
13.80000, -2.07180e-05
14.00000, 3.50404e-05
14.20000, -4.67744e-05
14.40000, 5.83099e-05
14.60000, -7.11710e-05
14.80000, 8.27196e-05
15.00000, -8.71106e-05
15.20000, 8.05633e-05
15.40000, -6.58573e-05
15.60000, 5.08365e-05
15.80000, -4.18413e-05
16.00000, 3.88809e-05
16.20000, -3.73273e-05
16.40000, 3.31510e-05
16.60000, -2.53660e-05
16.80000, 1.38364e-05
17.00000, 3.88729e-06
17.20000, -3.21379e-05
17.40000, 7.20207e-05
17.60000, -1.16240e-04
17.80000, 1.51191e-04
18.00000, -1.66843e-04
18.20000, 1.64256e-04
18.40000, -1.52026e-04
18.60000, 1.36851e-04
18.80000, -1.19527e-04
19.00000, 9.83909e-05
19.20000, -7.37007e-05
19.40000, 4.88173e-05
19.60000, -2.89189e-05
19.80000, 1.85804e-05
20.00000, -1.94642e-05
20.20000, 2.98770e-05
20.40000, -4.62430e-05
20.60000, 6.43636e-05
20.80000, -7.95398e-05
21.00000, 8.71149e-05
21.20000, -8.42452e-05
21.40000, 7.13179e-05
21.60000, -5.16855e-05
21.80000, 3.02105e-05
22.00000, -1.13400e-05
22.20000, -2.79762e-06
22.40000, 1.29023e-05
22.60000, -2.08427e-05
22.80000, 2.79941e-05
23.00000, -3.62235e-05
23.20000, 4.97974e-05
23.40000, -7.33623e-05
23.60000, 1.05524e-04
23.80000, -1.35124e-04
24.00000, 1.46972e-04
24.20000, -1.33301e-04
24.40000, 9.94226e-05
24.60000, -5.83871e-05
24.80000, 2.16728e-05
25.00000, 5.25274e-06
25.20000, -2.16384e-05
25.40000, 2.86439e-05
25.60000, -2.79323e-05
25.80000, 2.21998e-05
26.00000, -1.63529e-05
26.20000, 1.67558e-05
26.40000, -2.75512e-05
26.60000, 4.65475e-05
26.80000, -6.48354e-05
27.00000, 7.25038e-05
27.20000, -6.71869e-05
27.40000, 5.66601e-05
27.60000, -5.09537e-05
27.80000, 5.22677e-05
28.00000, -5.45115e-05
28.20000, 5.16798e-05
28.40000, -4.36981e-05
28.60000, 3.39460e-05
28.80000, -2.36190e-05
29.00000, 9.65776e-06
29.20000, 1.28010e-05
29.40000, -4.63538e-05
29.60000, 8.87110e-05
29.80000, -1.33890e-04
30.00000, 1.77609e-04
30.20000, -2.22935e-04
30.40000, 2.79310e-04
30.60000, -3.51930e-04
30.80000, 4.28290e-04
31.00000, -4.76029e-04
31.20000, 4.60236e-04
31.40000, -3.69509e-04
31.60000, 2.27732e-04
31.80000, -8.03824e-05
32.00000, -3.24566e-05
32.20000, 9.59508e-05
32.40000, -1.22788e-04
32.60000, 1.39500e-04
32.80000, -1.65707e-04
33.00000, 1.99418e-04
33.20000, -2.19230e-04
33.40000, 2.02105e-04
33.60000, -1.41541e-04
33.80000, 5.05519e-05
34.00000, 5.03241e-05
34.20000, -1.45053e-04
34.40000, 2.23921e-04
34.60000, -2.80755e-04
34.80000, 3.14399e-04
35.00000, -3.30408e-04
35.20000, 3.33858e-04
35.40000, -3.19237e-04
35.60000, 2.74467e-04
35.80000, -1.99292e-04
36.00000, 1.15348e-04
36.20000, -5.37510e-05
36.40000, 3.57122e-05
36.60000, -6.75402e-05
36.80000, 1.46237e-04
37.00000, -2.56362e-04
37.20000, 3.58429e-04
37.40000, -3.95191e-04
37.60000, 3.29479e-04
37.80000, -1.82222e-04
38.00000, 2.46170e-05
38.20000, 7.41415e-05
38.40000, -9.19451e-05
38.60000, 5.38167e-05
38.80000, -1.29516e-06
39.00000, -3.39427e-05
39.20000, 3.85270e-05
39.40000, -1.51999e-05
39.60000, -2.23949e-05
39.80000, 5.66087e-05
40.00000, -7.35346e-05
40.20000, 6.85061e-05
40.40000, -4.69534e-05
40.60000, 2.09484e-05
40.80000, -2.95741e-06
41.00000, -9.66183e-07
41.20000, -5.80656e-06
41.40000, 1.45896e-05
41.60000, -1.91923e-05
41.80000, 1.98577e-05
42.00000, -2.05676e-05
42.20000, 2.38709e-05
42.40000, -2.81841e-05
42.60000, 2.85600e-05
42.80000, -1.82974e-05
43.00000, -1.16150e-05
43.20000, 7.42324e-05
43.40000, -1.83491e-04
43.60000, 3.41866e-04
43.80000, -5.25738e-04
44.00000, 6.84515e-04
44.20000, -7.62252e-04
44.40000, 7.29920e-04
44.60000, -6.03534e-04
44.80000, 4.33213e-04
45.00000, -2.72190e-04
45.20000, 1.50145e-04
45.40000, -6.85405e-05
45.60000, 1.49320e-05
45.80000, 2.08362e-05
46.00000, -4.16008e-05
46.20000, 4.78132e-05
46.40000, -4.28772e-05
46.60000, 3.29969e-05
46.80000, -2.34424e-05
47.00000, 1.59162e-05
47.20000, -9.13818e-06
47.40000, 1.54142e-06
47.60000, 6.41828e-06
47.80000, -1.23034e-05
48.00000, 1.39185e-05
48.20000, -1.13683e-05
48.40000, 6.85254e-06
48.60000, -2.68578e-06
48.80000, -2.30686e-07
49.00000, 2.28023e-06
49.20000, -4.10224e-06
49.40000, 5.88762e-06
49.60000, -7.34730e-06
49.80000, 8.02399e-06
50.00000, -7.63608e-06
50.20000, 6.30617e-06
50.40000, -4.53891e-06
50.60000, 2.92317e-06
50.80000, -1.79457e-06
51.00000, 1.14866e-06
51.20000, -8.10041e-07
51.40000, 6.19380e-07
51.60000, -4.85059e-07
51.80000, 3.46831e-07
52.00000, -1.38166e-07
52.20000, -2.45985e-07
52.40000, 9.92137e-07
52.60000, -2.36286e-06
52.80000, 4.52326e-06
53.00000, -7.21334e-06
53.20000, 9.62012e-06
53.40000, -1.08949e-05
53.60000, 1.10782e-05
53.80000, -1.13128e-05
54.00000, 1.26671e-05
54.20000, -1.46941e-05
54.40000, 1.55750e-05
54.60000, -1.38959e-05
54.80000, 1.00550e-05
55.00000, -5.83495e-06
55.20000, 2.87541e-06
55.40000, -1.68524e-06
55.60000, 1.77955e-06
55.80000, -2.33802e-06
56.00000, 2.70905e-06
56.20000, -2.60962e-06
56.40000, 2.13258e-06
56.60000, -1.61645e-06
56.80000, 1.41583e-06
57.00000, -1.68515e-06
57.20000, 2.28955e-06
57.40000, -2.87587e-06
57.60000, 3.06361e-06
57.80000, -2.66084e-06
58.00000, 1.77742e-06
58.20000, -7.49683e-07
58.40000, -8.49194e-08
58.60000, 5.93321e-07
58.80000, -8.55982e-07
59.00000, 9.82410e-07
59.20000, -9.36533e-07
59.40000, 5.57984e-07
59.60000, 2.41859e-07
59.80000, -1.29426e-06
60.00000, 2.18503e-06
60.20000, -2.50352e-06
60.40000, 2.14112e-06
60.60000, -1.35403e-06
60.80000, 5.20770e-07
61.00000, 1.44410e-07
61.20000, -6.37852e-07
61.40000, 1.00293e-06
61.60000, -1.20852e-06
61.80000, 1.19493e-06
62.00000, -9.78407e-07
62.20000, 6.69413e-07
62.40000, -3.96550e-07
62.60000, 2.28806e-07
62.80000, -1.60924e-07
63.00000, 1.48587e-07
63.20000, -1.48020e-07
63.40000, 1.35248e-07
63.60000, -1.06570e-07
63.80000, 7.00064e-08
64.00000, -3.57635e-08
64.20000, 1.05326e-08
64.40000, 3.64195e-09
64.60000, -8.16282e-09
64.80000, 6.41465e-09
65.00000, -2.38719e-09
65.20000, -8.25854e-10
65.40000, 2.48304e-09
65.60000, -5.46684e-09
65.80000, 1.68660e-08
66.00000, -4.55356e-08
66.20000, 9.44706e-08
66.40000, -1.52347e-07
66.60000, 1.95118e-07
66.80000, -2.01587e-07
67.00000, 1.69866e-07
67.20000, -1.17807e-07
67.40000, 6.78978e-08
67.60000, -3.28055e-08
67.80000, 1.28439e-08
68.00000, -2.24795e-09
68.20000, -4.36172e-09
68.40000, 9.46572e-09
68.60000, -1.31901e-08
68.80000, 1.48009e-08
69.00000, -1.39192e-08
69.20000, 1.10683e-08
69.40000, -7.54897e-09
69.60000, 4.83322e-09
69.80000, -3.81689e-09
70.00000, 4.36107e-09
70.20000, -5.45463e-09
70.40000, 5.94165e-09
70.60000, -5.29344e-09
70.80000, 3.84402e-09
71.00000, -2.39314e-09
71.20000, 1.60986e-09
71.40000, -1.69288e-09
71.60000, 2.36937e-09
71.80000, -3.06787e-09
72.00000, 3.16339e-09
72.20000, -2.27783e-09
72.40000, 5.31448e-10
72.60000, 1.44725e-09
72.80000, -2.83067e-09
73.00000, 3.05294e-09
73.20000, -2.12431e-09
73.40000, 6.04445e-10
73.60000, 7.26545e-10
73.80000, -1.28547e-09
74.00000, 9.55076e-10
74.20000, -7.83148e-11
74.40000, -7.77167e-10
74.60000, 1.11645e-09
74.80000, -7.22203e-10
75.00000, -2.82863e-10
75.20000, 1.49849e-09
75.40000, -2.41662e-09
75.60000, 2.65873e-09
75.80000, -2.16918e-09
76.00000, 1.23738e-09
76.20000, -3.28012e-10
76.40000, -1.73370e-10
76.60000, 1.56776e-10
76.80000, 1.73960e-10
77.00000, -4.44316e-10
77.20000, 3.50366e-10
77.40000, 1.59368e-10
77.60000, -8.69775e-10
77.80000, 1.43151e-09
78.00000, -1.54249e-09
78.20000, 1.08818e-09
78.40000, -1.78012e-10
78.60000, -9.37570e-10
78.80000, 1.99675e-09
79.00000, -2.78797e-09
79.20000, 3.12844e-09
79.40000, -2.87331e-09
79.60000, 2.02592e-09
79.80000, -8.37922e-10
80.00000, -2.67942e-10
80.20000, 9.38490e-10
80.40000, -1.08924e-09
80.60000, 9.03362e-10
80.80000, -6.76392e-10
81.00000, 6.53087e-10
81.20000, -9.35011e-10
81.40000, 1.45579e-09
81.60000, -2.01305e-09
81.80000, 2.34796e-09
82.00000, -2.23647e-09
82.20000, 1.55321e-09
82.40000, -3.10811e-10
82.60000, -1.30101e-09
82.80000, 2.89570e-09
83.00000, -3.96252e-09
83.20000, 4.07304e-09
83.40000, -3.13614e-09
83.60000, 1.51218e-09
83.80000, 1.47518e-10
84.00000, -1.25788e-09
84.20000, 1.59659e-09
84.40000, -1.32508e-09
84.60000, 7.59442e-10
84.80000, -1.18972e-10
85.00000, -5.45689e-10
85.20000, 1.24310e-09
85.40000, -1.90863e-09
85.60000, 2.38684e-09
85.80000, -2.52203e-09
86.00000, 2.25119e-09
86.20000, -1.62908e-09
86.40000, 8.05179e-10
86.60000, 1.24585e-11
86.80000, -6.20935e-10
87.00000, 9.19224e-10
87.20000, -9.61015e-10
87.40000, 8.83637e-10
87.60000, -7.65491e-10
87.80000, 5.61458e-10
88.00000, -1.81434e-10
88.20000, -3.81490e-10
88.40000, 1.01116e-09
88.60000, -1.56298e-09
88.80000, 2.01549e-09
89.00000, -2.55248e-09
89.20000, 3.61176e-09
89.40000, -6.44290e-09
89.60000, 1.54585e-08
89.80000, -4.38518e-08
90.00000, 1.21502e-07
90.20000, -2.96904e-07
90.40000, 6.17197e-07
90.60000, -1.07921e-06
90.80000, 1.58123e-06
91.00000, -1.93756e-06
91.20000, 1.98187e-06
91.40000, -1.68786e-06
91.60000, 1.19185e-06
91.80000, -6.92558e-07
92.00000, 3.26043e-07
92.20000, -1.19528e-07
92.40000, 2.94968e-08
92.60000, -1.19755e-10
92.80000, -5.79627e-09
93.00000, 5.07273e-09
93.20000, -3.16146e-09
93.40000, 1.37910e-09
93.60000, -1.55183e-11
93.80000, -8.82317e-10
94.00000, 1.39359e-09
94.20000, -1.65201e-09
94.40000, 1.77149e-09
94.60000, -1.81934e-09
94.80000, 1.82271e-09
95.00000, -1.77828e-09
95.20000, 1.66931e-09
95.40000, -1.49638e-09
95.60000, 1.29615e-09
95.80000, -1.12433e-09
96.00000, 1.01891e-09
96.20000, -9.77559e-10
96.40000, 9.62887e-10
96.60000, -9.28255e-10
96.80000, 8.52007e-10
97.00000, -7.61637e-10
97.20000, 7.26382e-10
97.40000, -8.14866e-10
97.60000, 1.04265e-09
97.80000, -1.34349e-09
98.00000, 1.58533e-09
98.20000, -1.63362e-09
98.40000, 1.43754e-09
98.60000, -1.08135e-09
98.80000, 7.45451e-10
99.00000, -5.90834e-10
99.20000, 6.56343e-10
99.40000, -8.53321e-10
99.60000, 1.05272e-09
99.80000, -1.17693e-09
100.00000, 1.21580e-09
