# Frequency (THz), VDOS (THz^-1)
0.00000, -1.66716e-04
0.20000, 1.66344e-04
0.40000, -1.52160e-04
0.60000, 1.03345e-04
0.80000, -2.35901e-05
1.00000, -5.23786e-05
1.20000, 8.61535e-05
1.40000, -6.68887e-05
1.60000, 1.55295e-05
1.80000, 3.71960e-05
2.00000, -7.32937e-05
2.20000, 9.13634e-05
2.40000, -9.61886e-05
2.60000, 8.94036e-05
2.80000, -6.84822e-05
3.00000, 3.13426e-05
3.20000, 1.76556e-05
3.40000, -6.44910e-05
3.60000, 9.04773e-05
3.80000, -8.50103e-05
4.00000, 5.47201e-05
4.20000, -1.86529e-05
4.40000, -5.94150e-06
4.60000, 1.35795e-05
4.80000, -9.67296e-06
5.00000, 3.16898e-06
5.20000, -4.89682e-08
5.40000, 1.43711e-06
5.60000, -5.41927e-06
5.80000, 9.40926e-06
6.00000, -1.12132e-05
6.20000, 9.48336e-06
6.40000, -4.46510e-06
6.60000, -1.73031e-06
6.80000, 6.31402e-06
7.00000, -7.71909e-06
7.20000, 6.53300e-06
7.40000, -4.89299e-06
7.60000, 5.11967e-06
7.80000, -8.48915e-06
8.00000, 1.46475e-05
8.20000, -2.19395e-05
8.40000, 2.83319e-05
8.60000, -3.19125e-05
8.80000, 3.04960e-05
9.00000, -2.13136e-05
9.20000, 2.04200e-06
9.40000, 2.69046e-05
9.60000, -6.03114e-05
9.80000, 8.83865e-05
10.00000, -1.00620e-04
10.20000, 9.18423e-05
10.40000, -6.56412e-05
10.60000, 3.11172e-05
10.80000, 4.23473e-06
11.00000, -3.75931e-05
11.20000, 6.67749e-05
11.40000, -8.58079e-05
11.60000, 8.75644e-05
11.80000, -7.09432e-05
12.00000, 4.35753e-05
12.20000, -1.67770e-05
12.40000, -1.58754e-06
12.60000, 1.01066e-05
12.80000, -1.20937e-05
13.00000, 1.19620e-05
13.20000, -1.22303e-05
13.40000, 1.26859e-05
13.60000, -1.18763e-05
13.80000, 9.08168e-06
14.00000, -4.37689e-06
14.20000, -3.28470e-06
14.40000, 1.71904e-05
14.60000, -4.04803e-05
14.80000, 7.11703e-05
15.00000, -9.94907e-05
15.20000, 1.11918e-04
15.40000, -9.99132e-05
15.60000, 6.50238e-05
15.80000, -1.42594e-05
16.00000, -4.89567e-05
16.20000, 1.24965e-04
16.40000, -2.05608e-04
16.60000, 2.65826e-04
16.80000, -2.76585e-04
17.00000, 2.30609e-04
17.20000, -1.53155e-04
17.40000, 8.57210e-05
17.60000, -5.87884e-05
17.80000, 7.57870e-05
18.00000, -1.16061e-04
18.20000, 1.50865e-04
18.40000, -1.60898e-04
18.60000, 1.44770e-04
18.80000, -1.14710e-04
19.00000, 8.52579e-05
19.20000, -6.45308e-05
19.40000, 5.31405e-05
19.60000, -4.87426e-05
19.80000, 5.11277e-05
20.00000, -6.43375e-05
20.20000, 9.46847e-05
20.40000, -1.45440e-04
20.60000, 2.11514e-04
20.80000, -2.78717e-04
21.00000, 3.28752e-04
21.20000, -3.46155e-04
21.40000, 3.23676e-04
21.60000, -2.65649e-04
21.80000, 1.87997e-04
22.00000, -1.12024e-04
22.20000, 5.40895e-05
22.40000, -1.88125e-05
22.60000, 1.74315e-07
22.80000, 1.32382e-05
23.00000, -3.43144e-05
23.20000, 7.47220e-05
23.40000, -1.39409e-04
23.60000, 2.18681e-04
23.80000, -2.86502e-04
24.00000, 3.13022e-04
24.20000, -2.85058e-04
24.40000, 2.16061e-04
24.60000, -1.35508e-04
24.80000, 6.85514e-05
25.00000, -2.43284e-05
25.20000, -1.07628e-06
25.40000, 1.51565e-05
25.60000, -2.27610e-05
25.80000, 2.58145e-05
26.00000, -2.56981e-05
26.20000, 2.44592e-05
26.40000, -2.41947e-05
26.60000, 2.61454e-05
26.80000, -3.02297e-05
27.00000, 3.48184e-05
27.20000, -3.72934e-05
27.40000, 3.57598e-05
27.60000, -3.04918e-05
27.80000, 2.35340e-05
28.00000, -1.70176e-05
28.20000, 1.19486e-05
28.40000, -8.15905e-06
28.60000, 4.69233e-06
28.80000, 2.36501e-07
29.00000, -9.54229e-06
29.20000, 2.65318e-05
29.40000, -5.20691e-05
29.60000, 8.11287e-05
29.80000, -1.02946e-04
30.00000, 1.07235e-04
30.20000, -9.22775e-05
30.40000, 6.68103e-05
30.60000, -4.32416e-05
30.80000, 2.87677e-05
31.00000, -2.22438e-05
31.20000, 1.77011e-05
31.40000, -9.79164e-06
31.60000, -2.88181e-06
31.80000, 1.74320e-05
32.00000, -2.87657e-05
32.20000, 3.30662e-05
32.40000, -3.05448e-05
32.60000, 2.50564e-05
32.80000, -2.07337e-05
33.00000, 1.88150e-05
33.20000, -1.73549e-05
33.40000, 1.31790e-05
33.60000, -3.41263e-06
33.80000, -1.47023e-05
34.00000, 4.39987e-05
34.20000, -8.50787e-05
34.40000, 1.32402e-04
34.60000, -1.73780e-04
34.80000, 1.96463e-04
35.00000, -1.95283e-04
35.20000, 1.74593e-04
35.40000, -1.42770e-04
35.60000, 1.06605e-04
35.80000, -7.09892e-05
36.00000, 4.08805e-05
36.20000, -2.06331e-05
36.40000, 1.16850e-05
36.60000, -1.25162e-05
36.80000, 2.07056e-05
37.00000, -3.33230e-05
37.20000, 4.49674e-05
37.40000, -4.80372e-05
37.60000, 3.84693e-05
37.80000, -2.21497e-05
38.00000, 1.33596e-05
38.20000, -2.40125e-05
38.40000, 5.27527e-05
38.60000, -8.38970e-05
38.80000, 9.75747e-05
39.00000, -8.33125e-05
39.20000, 4.66060e-05
39.40000, -3.71756e-06
39.60000, -2.99263e-05
39.80000, 4.76708e-05
40.00000, -5.15191e-05
40.20000, 4.76777e-05
40.40000, -4.24857e-05
40.60000, 3.94056e-05
40.80000, -3.64967e-05
41.00000, 2.69441e-05
41.20000, -6.23092e-06
41.40000, -1.73513e-05
41.60000, 2.05352e-05
41.80000, 2.12968e-05
42.00000, -1.13377e-04
42.20000, 2.31274e-04
42.40000, -3.30083e-04
42.60000, 3.66687e-04
42.80000, -3.18687e-04
43.00000, 1.84826e-04
43.20000, 3.23018e-05
43.40000, -3.39946e-04
43.60000, 7.44802e-04
43.80000, -1.22595e-03
44.00000, 1.71971e-03
44.20000, -2.13078e-03
44.40000, 2.35940e-03
44.60000, -2.33473e-03
44.80000, 2.05008e-03
45.00000, -1.57658e-03
45.20000, 1.02885e-03
45.40000, -5.06116e-04
45.60000, 6.71617e-05
45.80000, 2.50875e-04
46.00000, -4.20086e-04
46.20000, 4.41511e-04
46.40000, -3.61732e-04
46.60000, 2.52858e-04
46.80000, -1.71880e-04
47.00000, 1.34947e-04
47.20000, -1.20944e-04
47.40000, 9.61956e-05
47.60000, -4.28075e-05
47.80000, -2.82960e-05
48.00000, 8.83585e-05
48.20000, -1.14540e-04
48.40000, 1.05004e-04
48.60000, -7.51423e-05
48.80000, 4.32373e-05
49.00000, -1.97756e-05
49.20000, 6.25576e-06
49.40000, 3.94733e-07
49.60000, -3.59448e-06
49.80000, 5.34169e-06
50.00000, -6.22780e-06
50.20000, 6.13909e-06
50.40000, -5.02027e-06
50.60000, 3.25845e-06
50.80000, -1.50764e-06
51.00000, 2.67083e-07
51.20000, 3.33992e-07
51.40000, -4.47109e-07
51.60000, 3.11896e-07
51.80000, -1.30857e-07
52.00000, 6.32816e-08
52.20000, -3.66456e-07
52.40000, 1.68915e-06
52.60000, -5.32810e-06
52.80000, 1.29482e-05
53.00000, -2.53932e-05
53.20000, 4.13041e-05
53.40000, -5.73063e-05
53.60000, 7.03011e-05
53.80000, -7.93592e-05
54.00000, 8.44284e-05
54.20000, -8.34300e-05
54.40000, 7.24146e-05
54.60000, -4.98358e-05
54.80000, 2.02074e-05
55.00000, 7.39642e-06
55.20000, -2.48433e-05
55.40000, 2.94903e-05
55.60000, -2.44951e-05
55.80000, 1.56520e-05
56.00000, -7.75226e-06
56.20000, 2.83560e-06
56.40000, -6.39189e-07
56.60000, 7.98814e-09
56.80000, 3.47096e-08
57.00000, 2.48074e-08
57.20000, -4.73584e-08
57.40000, 3.56986e-08
57.60000, -2.29751e-08
57.80000, 3.44504e-08
58.00000, -7.60028e-08
58.20000, 1.33980e-07
58.40000, -1.85985e-07
58.60000, 2.15277e-07
58.80000, -2.16521e-07
59.00000, 1.90160e-07
59.20000, -1.34926e-07
59.40000, 4.75195e-08
59.60000, 7.20397e-08
59.80000, -2.17041e-07
60.00000, 3.76448e-07
60.20000, -5.38920e-07
60.40000, 6.89136e-07
60.60000, -7.89420e-07
60.80000, 7.60650e-07
61.00000, -5.04980e-07
61.20000, -8.37568e-09
61.40000, 6.59834e-07
61.60000, -1.20794e-06
61.80000, 1.44190e-06
62.00000, -1.32652e-06
62.20000, 1.00313e-06
62.40000, -6.60657e-07
62.60000, 4.12004e-07
62.80000, -2.70001e-07
63.00000, 1.97913e-07
63.20000, -1.61800e-07
63.40000, 1.49859e-07
63.60000, -1.66520e-07
63.80000, 2.19215e-07
64.00000, -3.10487e-07
64.20000, 4.39827e-07
64.40000, -6.08372e-07
64.60000, 8.13537e-07
64.80000, -1.03014e-06
65.00000, 1.19493e-06
65.20000, -1.23567e-06
65.40000, 1.23264e-06
65.60000, -1.82273e-06
65.80000, 4.68303e-06
66.00000, -1.22457e-05
66.20000, 2.56938e-05
66.40000, -4.21556e-05
66.60000, 5.44162e-05
66.80000, -5.51999e-05
67.00000, 4.29173e-05
67.20000, -2.31976e-05
67.40000, 4.68051e-06
67.60000, 6.70517e-06
67.80000, -1.01960e-05
68.00000, 8.63681e-06
68.20000, -5.46786e-06
68.40000, 2.79301e-06
68.60000, -1.17943e-06
68.80000, 3.82522e-07
69.00000, -2.77645e-08
69.20000, -1.21512e-07
69.40000, 1.75422e-07
69.60000, -1.84577e-07
69.80000, 1.73328e-07
70.00000, -1.50269e-07
70.20000, 1.16903e-07
70.40000, -7.55774e-08
70.60000, 3.17707e-08
70.80000, 8.79689e-09
71.00000, -4.34541e-08
71.20000, 7.23104e-08
71.40000, -9.50318e-08
71.60000, 1.09052e-07
71.80000, -1.11666e-07
72.00000, 1.03059e-07
72.20000, -8.62728e-08
72.40000, 6.46975e-08
72.60000, -4.08224e-08
72.80000, 1.76327e-08
73.00000, -2.27244e-10
73.20000, -5.29257e-09
73.40000, -4.13709e-09
73.60000, 2.47551e-08
73.80000, -4.65038e-08
74.00000, 5.83340e-08
74.20000, -5.40507e-08
74.40000, 3.46356e-08
74.60000, -6.73325e-09
74.80000, -2.13666e-08
75.00000, 4.45174e-08
75.20000, -6.28979e-08
75.40000, 7.93978e-08
75.60000, -9.50564e-08
75.80000, 1.07324e-07
76.00000, -1.12273e-07
76.20000, 1.08105e-07
76.40000, -9.67139e-08
76.60000, 8.20017e-08
76.80000, -6.68519e-08
77.00000, 5.21224e-08
77.20000, -3.83350e-08
77.40000, 2.72333e-08
77.60000, -2.08833e-08
77.80000, 1.93828e-08
78.00000, -2.01072e-08
78.20000, 1.96290e-08
78.40000, -1.60033e-08
78.60000, 8.58154e-09
78.80000, 3.72656e-09
79.00000, -2.22603e-08
79.20000, 4.60569e-08
79.40000, -7.05661e-08
79.60000, 9.00488e-08
79.80000, -1.01351e-07
80.00000, 1.04725e-07
80.20000, -1.00824e-07
80.40000, 8.81770e-08
80.60000, -6.53314e-08
80.80000, 3.55647e-08
81.00000, -8.16566e-09
81.20000, -5.98328e-09
81.40000, 1.05951e-09
81.60000, 1.98352e-08
81.80000, -4.62058e-08
82.00000, 6.55581e-08
82.20000, -6.84844e-08
82.40000, 5.16852e-08
82.60000, -2.05516e-08
82.80000, -1.06000e-08
83.00000, 2.65291e-08
83.20000, -2.43040e-08
83.40000, 1.69530e-08
83.60000, -2.05470e-08
83.80000, 3.80838e-08
84.00000, -5.73742e-08
84.20000, 6.30233e-08
84.40000, -4.81687e-08
84.60000, 1.51868e-08
84.80000, 3.20597e-08
85.00000, -9.43807e-08
85.20000, 1.75367e-07
85.40000, -2.73161e-07
85.60000, 3.73143e-07
85.80000, -4.49236e-07
86.00000, 4.76267e-07
86.20000, -4.46646e-07
86.40000, 3.79112e-07
86.60000, -3.12551e-07
86.80000, 2.89143e-07
87.00000, -3.36441e-07
87.20000, 4.54462e-07
87.40000, -6.09851e-07
87.60000, 7.38931e-07
87.80000, -7.58979e-07
88.00000, 5.87784e-07
88.20000, -2.03418e-07
88.40000, -1.65308e-07
88.60000, -3.19026e-07
88.80000, 3.30625e-06
89.00000, -1.05722e-05
89.20000, 2.21719e-05
89.40000, -3.48343e-05
89.60000, 4.29325e-05
89.80000, -4.22427e-05
90.00000, 3.32536e-05
90.20000, -2.06936e-05
90.40000, 9.93364e-06
90.60000, -4.14493e-06
90.80000, 4.88832e-06
91.00000, -1.49301e-05
91.20000, 3.92989e-05
91.40000, -8.12675e-05
91.60000, 1.34896e-04
91.80000, -1.82067e-04
92.00000, 2.01183e-04
92.20000, -1.82882e-04
92.40000, 1.37674e-04
92.60000, -8.71102e-05
92.80000, 4.78713e-05
93.00000, -2.40802e-05
93.20000, 1.14164e-05
93.40000, -4.62579e-06
93.60000, 9.07182e-07
93.80000, 7.96999e-07
94.00000, -1.17393e-06
94.20000, 9.15575e-07
94.40000, -5.31379e-07
94.60000, 2.49067e-07
94.80000, -9.78552e-08
95.00000, 3.01142e-08
95.20000, 2.43393e-09
95.40000, -2.41761e-08
95.60000, 4.12898e-08
95.80000, -5.37761e-08
96.00000, 6.10419e-08
96.20000, -6.21432e-08
96.40000, 5.61965e-08
96.60000, -4.40995e-08
96.80000, 2.92571e-08
97.00000, -1.62861e-08
97.20000, 8.85799e-09
97.40000, -8.12558e-09
97.60000, 1.24812e-08
97.80000, -1.87290e-08
98.00000, 2.40138e-08
98.20000, -2.72589e-08
98.40000, 2.91418e-08
98.60000, -3.07484e-08
98.80000, 3.20941e-08
99.00000, -3.17694e-08
99.20000, 2.80347e-08
99.40000, -2.05011e-08
99.60000, 1.10338e-08
99.80000, -3.10800e-09
100.00000, 1.96334e-11
