# Time(ps) Norm. Int.(No Units) 
0.000000 1.000000 
0.005000 0.495853 
0.010000 -0.079275 
0.015000 -0.055937 
0.020000 0.092418 
0.025000 -0.060548 
0.030000 -0.068807 
0.035000 0.052217 
0.040000 0.015948 
0.045000 0.035021 
0.050000 0.096794 
0.055000 0.077861 
0.060000 -0.059959 
0.065000 -0.026869 
0.070000 -0.018975 
0.075000 0.004789 
0.080000 0.015773 
0.085000 0.025109 
0.090000 -0.013045 
0.095000 -0.011752 
0.100000 0.051307 
0.105000 0.035447 
0.110000 0.009190 
0.115000 -0.060298 
0.120000 -0.003268 
0.125000 0.043261 
0.130000 0.074019 
0.135000 -0.004356 
0.140000 -0.037495 
0.145000 -0.061229 
0.150000 -0.046813 
0.155000 0.044966 
0.160000 0.066385 
0.165000 0.003806 
0.170000 -0.068026 
0.175000 0.010342 
0.180000 -0.017329 
0.185000 -0.047211 
0.190000 -0.029150 
0.195000 0.053151 
0.200000 0.036001 
0.205000 0.032168 
0.210000 0.061285 
0.215000 0.017524 
0.220000 -0.022218 
0.225000 -0.039023 
0.230000 0.010047 
0.235000 -0.012282 
0.240000 0.008644 
0.245000 -0.014625 
0.250000 0.004632 
0.255000 0.003127 
0.260000 -0.007618 
0.265000 -0.041753 
0.270000 -0.040963 
0.275000 0.002952 
0.280000 -0.010302 
0.285000 0.001646 
0.290000 -0.039800 
0.295000 -0.048443 
0.300000 -0.037751 
0.305000 0.062791 
0.310000 0.034924 
0.315000 -0.046289 
0.320000 -0.044440 
0.325000 0.026753 
0.330000 0.047967 
0.335000 0.043000 
0.340000 0.105507 
0.345000 0.037845 
0.350000 -0.060630 
0.355000 -0.076742 
0.360000 0.041833 
0.365000 0.043286 
0.370000 0.036113 
0.375000 0.078277 
0.380000 0.070317 
0.385000 -0.052708 
0.390000 -0.107633 
0.395000 0.022254 
0.400000 0.084307 
0.405000 0.059992 
0.410000 0.006192 
0.415000 0.026316 
0.420000 -0.031747 
0.425000 -0.054409 
0.430000 -0.019028 
0.435000 0.035437 
0.440000 0.040242 
0.445000 0.039914 
0.450000 0.041814 
0.455000 -0.043196 
0.460000 -0.075557 
0.465000 -0.039941 
0.470000 0.042282 
0.475000 0.014331 
0.480000 -0.008354 
0.485000 -0.022333 
0.490000 0.002521 
0.495000 0.033274 
0.500000 0.051205 
0.505000 0.022788 
0.510000 -0.050907 
0.515000 -0.048944 
0.520000 -0.025929 
0.525000 0.021624 
0.530000 0.015570 
0.535000 0.026300 
0.540000 0.002289 
0.545000 0.009766 
0.550000 0.028325 
0.555000 0.033205 
0.560000 0.009147 
0.565000 -0.019033 
0.570000 -0.008220 
0.575000 -0.033567 
0.580000 -0.028112 
0.585000 -0.017638 
0.590000 0.009332 
0.595000 -0.031998 
0.600000 -0.021595 
0.605000 0.041448 
0.610000 0.073593 
0.615000 0.012103 
0.620000 -0.049186 
0.625000 -0.024252 
0.630000 -0.010528 
0.635000 0.002581 
0.640000 0.003501 
0.645000 0.026914 
0.650000 -0.011514 
0.655000 -0.025703 
0.660000 -0.017746 
0.665000 0.000177 
0.670000 0.001608 
0.675000 0.022646 
0.680000 0.059241 
0.685000 0.031284 
0.690000 -0.014617 
0.695000 -0.050630 
0.700000 -0.011876 
0.705000 0.007257 
0.710000 0.009933 
0.715000 -0.019020 
0.720000 -0.015771 
0.725000 -0.009057 
0.730000 -0.011178 
0.735000 0.008348 
0.740000 0.045467 
0.745000 0.073210 
0.750000 0.022284 
0.755000 -0.023064 
0.760000 -0.049797 
0.765000 -0.021386 
0.770000 0.002757 
0.775000 0.029662 
0.780000 0.011954 
0.785000 -0.031409 
0.790000 -0.047327 
0.795000 -0.020073 
0.800000 0.028238 
0.805000 0.031532 
0.810000 0.025999 
0.815000 -0.008266 
0.820000 -0.025093 
0.825000 -0.038454 
0.830000 -0.013841 
0.835000 0.001769 
0.840000 0.008150 
0.845000 0.014903 
0.850000 0.019657 
0.855000 0.013862 
0.860000 -0.016416 
0.865000 -0.011695 
0.870000 0.001349 
0.875000 0.022244 
0.880000 0.009468 
0.885000 0.007936 
0.890000 -0.000789 
0.895000 -0.009373 
0.900000 -0.013993 
0.905000 -0.000932 
0.910000 0.013560 
0.915000 -0.009014 
0.920000 -0.020817 
0.925000 -0.012329 
0.930000 0.017720 
0.935000 0.002821 
0.940000 -0.012141 
0.945000 -0.011723 
0.950000 0.005771 
0.955000 0.002730 
0.960000 -0.000777 
0.965000 0.014149 
0.970000 0.010592 
0.975000 -0.006698 
0.980000 -0.022032 
0.985000 -0.002808 
0.990000 -0.007432 
0.995000 -0.013711 
1.000000 -0.007811 
1.005000 0.012041 
1.010000 0.002218 
1.015000 0.000689 
1.020000 0.033393 
1.025000 0.030770 
1.030000 -0.025752 
1.035000 -0.064375 
1.040000 -0.017070 
1.045000 0.018024 
1.050000 0.012250 
1.055000 -0.001094 
1.060000 0.010682 
1.065000 -0.004201 
1.070000 -0.022195 
1.075000 0.002149 
1.080000 0.032273 
1.085000 0.020315 
1.090000 -0.022745 
1.095000 -0.029268 
1.100000 -0.016601 
1.105000 0.008520 
1.110000 0.020529 
1.115000 0.022886 
1.120000 -0.000262 
1.125000 -0.019617 
1.130000 -0.018923 
1.135000 -0.012653 
1.140000 -0.003359 
1.145000 0.008079 
1.150000 0.020844 
1.155000 -0.003338 
1.160000 -0.025817 
1.165000 -0.019731 
1.170000 0.011873 
1.175000 0.019792 
1.180000 0.016218 
1.185000 0.014277 
1.190000 0.000786 
1.195000 -0.018971 
1.200000 -0.029702 
1.205000 -0.019074 
1.210000 -0.009488 
1.215000 0.011349 
1.220000 0.015591 
1.225000 0.001175 
1.230000 -0.013014 
1.235000 -0.002995 
1.240000 -0.003234 
1.245000 -0.017531 
1.250000 -0.004020 
1.255000 0.015546 
1.260000 0.004199 
1.265000 -0.017200 
1.270000 0.009143 
1.275000 0.026255 
1.280000 -0.002099 
1.285000 -0.032296 
1.290000 -0.016492 
1.295000 -0.002449 
1.300000 -0.013206 
1.305000 -0.006245 
1.310000 0.011757 
1.315000 0.007731 
1.320000 -0.008330 
1.325000 0.010737 
1.330000 0.017731 
1.335000 -0.012595 
1.340000 -0.034393 
1.345000 -0.006937 
1.350000 0.012971 
1.355000 -0.000595 
1.360000 0.000197 
1.365000 0.009718 
1.370000 -0.008237 
1.375000 -0.029499 
1.380000 0.004872 
1.385000 0.032424 
1.390000 0.005814 
1.395000 -0.022163 
1.400000 0.000746 
1.405000 0.009598 
1.410000 -0.024854 
1.415000 -0.031350 
1.420000 0.003369 
1.425000 0.018667 
1.430000 -0.002631 
1.435000 -0.000823 
1.440000 0.009645 
1.445000 0.001936 
1.450000 -0.009213 
1.455000 -0.000450 
1.460000 -0.005270 
1.465000 -0.023370 
1.470000 -0.012048 
1.475000 0.013183 
1.480000 0.016465 
1.485000 0.005143 
1.490000 0.012519 
1.495000 0.002520 
1.500000 -0.026614 
1.505000 -0.034290 
1.510000 -0.003791 
1.515000 0.017962 
1.520000 0.016416 
1.525000 0.013258 
1.530000 0.001914 
1.535000 -0.015254 
1.540000 -0.021067 
1.545000 -0.003227 
1.550000 0.003446 
1.555000 0.002154 
1.560000 0.001602 
1.565000 0.000690 
1.570000 -0.007484 
1.575000 -0.004251 
1.580000 0.008243 
1.585000 0.000637 
1.590000 -0.011164 
1.595000 -0.004708 
1.600000 0.013119 
1.605000 0.007231 
1.610000 -0.000080 
1.615000 -0.002165 
1.620000 -0.012172 
1.625000 -0.024715 
1.630000 -0.006315 
1.635000 0.020878 
1.640000 0.007930 
1.645000 -0.012444 
1.650000 -0.000092 
1.655000 0.021005 
1.660000 0.002704 
1.665000 -0.013385 
1.670000 -0.007153 
1.675000 -0.006088 
1.680000 -0.017827 
1.685000 -0.002300 
1.690000 0.023315 
1.695000 0.009629 
1.700000 -0.011242 
1.705000 -0.002503 
1.710000 0.006373 
1.715000 -0.021819 
1.720000 -0.025293 
1.725000 0.010142 
1.730000 0.024913 
1.735000 -0.003870 
1.740000 -0.012949 
1.745000 0.003589 
1.750000 -0.004733 
1.755000 -0.016751 
1.760000 0.003174 
1.765000 0.023994 
1.770000 0.000166 
1.775000 -0.014564 
1.780000 0.000196 
1.785000 0.007304 
1.790000 -0.007049 
1.795000 -0.000436 
1.800000 0.013233 
1.805000 -0.002460 
1.810000 -0.015584 
1.815000 -0.001241 
1.820000 0.012534 
1.825000 -0.000748 
1.830000 -0.001121 
1.835000 0.005194 
1.840000 -0.003192 
1.845000 -0.014310 
1.850000 0.003665 
1.855000 0.020111 
1.860000 0.007484 
1.865000 -0.004491 
1.870000 -0.001878 
1.875000 -0.001871 
1.880000 -0.013972 
1.885000 -0.006806 
1.890000 0.004710 
1.895000 0.004785 
1.900000 -0.002848 
1.905000 0.001730 
1.910000 0.003286 
1.915000 -0.003254 
1.920000 -0.002826 
1.925000 -0.000352 
1.930000 -0.000973 
1.935000 -0.001760 
1.940000 0.007567 
1.945000 0.002936 
1.950000 -0.003374 
1.955000 0.001900 
1.960000 0.009398 
1.965000 -0.004640 
1.970000 -0.014509 
1.975000 -0.001479 
1.980000 0.004906 
1.985000 -0.000987 
1.990000 0.003298 
1.995000 0.019427 
2.000000 0.008457 
2.005000 -0.007376 
2.010000 -0.004170 
2.015000 0.003219 
2.020000 -0.010840 
2.025000 -0.013448 
2.030000 0.008822 
2.035000 0.017282 
2.040000 0.002534 
2.045000 -0.007656 
2.050000 -0.002606 
2.055000 -0.011194 
2.060000 -0.013547 
2.065000 0.003111 
2.070000 0.017904 
2.075000 0.004186 
2.080000 -0.004829 
2.085000 0.004766 
2.090000 0.002632 
2.095000 -0.011532 
2.100000 -0.006834 
2.105000 0.013093 
2.110000 0.003406 
2.115000 -0.014201 
2.120000 -0.007883 
2.125000 0.011829 
2.130000 0.007545 
2.135000 -0.000970 
2.140000 0.001715 
2.145000 -0.001301 
2.150000 -0.011288 
2.155000 -0.005833 
2.160000 0.014630 
2.165000 0.014988 
2.170000 0.003392 
2.175000 -0.004189 
2.180000 -0.003736 
2.185000 -0.009833 
2.190000 -0.007227 
2.195000 0.003750 
2.200000 0.007356 
2.205000 0.001071 
2.210000 -0.000795 
2.215000 0.004344 
2.220000 -0.001261 
2.225000 -0.006906 
2.230000 -0.005891 
2.235000 0.001898 
2.240000 0.001012 
2.245000 0.000131 
2.250000 -0.000708 
2.255000 -0.001891 
2.260000 -0.002198 
2.265000 -0.000270 
2.270000 0.000907 
2.275000 -0.002407 
2.280000 0.000644 
2.285000 0.001776 
2.290000 0.001290 
2.295000 0.000209 
2.300000 0.005248 
2.305000 0.001135 
2.310000 -0.007010 
2.315000 -0.005286 
2.320000 0.001439 
2.325000 -0.001156 
2.330000 -0.006343 
2.335000 0.002942 
2.340000 0.006862 
2.345000 -0.000621 
2.350000 -0.006903 
2.355000 -0.000892 
2.360000 -0.003294 
2.365000 -0.006579 
2.370000 0.003089 
2.375000 0.010761 
2.380000 -0.000767 
2.385000 -0.011573 
2.390000 -0.002611 
2.395000 0.000765 
2.400000 -0.003736 
2.405000 0.000560 
2.410000 0.011559 
2.415000 -0.000079 
2.420000 -0.015288 
2.425000 -0.008994 
2.430000 0.003962 
2.435000 0.001581 
2.440000 -0.001332 
2.445000 0.006311 
2.450000 0.001694 
2.455000 -0.009802 
2.460000 -0.007809 
2.465000 0.005784 
2.470000 0.002834 
2.475000 -0.004662 
2.480000 -0.001862 
2.485000 0.001019 
2.490000 -0.006726 
2.495000 -0.007761 
2.500000 0.004403 
2.505000 0.006842 
2.510000 -0.001162 
2.515000 -0.005716 
2.520000 -0.001937 
2.525000 -0.004683 
2.530000 -0.005233 
2.535000 0.000918 
2.540000 0.005959 
2.545000 0.000901 
2.550000 -0.005271 
2.555000 -0.005217 
2.560000 -0.003699 
2.565000 -0.000074 
2.570000 0.002223 
2.575000 0.003001 
2.580000 -0.000992 
2.585000 -0.002228 
2.590000 -0.003228 
2.595000 -0.002221 
2.600000 0.000367 
2.605000 0.001652 
2.610000 -0.002175 
2.615000 -0.005514 
2.620000 -0.001215 
2.625000 0.000041 
2.630000 -0.003648 
2.635000 -0.005218 
2.640000 0.000849 
2.645000 -0.000037 
2.650000 -0.005060 
2.655000 -0.003137 
2.660000 0.002976 
2.665000 -0.000292 
2.670000 -0.005992 
2.675000 -0.000478 
2.680000 0.003670 
2.685000 -0.002314 
2.690000 -0.007826 
2.695000 -0.001708 
2.700000 0.000363 
2.705000 -0.002206 
2.710000 0.001547 
2.715000 0.007617 
2.720000 -0.000041 
2.725000 -0.011043 
2.730000 -0.007103 
2.735000 0.000544 
2.740000 0.000204 
2.745000 -0.000187 
2.750000 0.006234 
2.755000 0.002432 
2.760000 -0.008446 
2.765000 -0.008561 
2.770000 0.001748 
2.775000 0.002779 
2.780000 -0.002935 
2.785000 -0.001862 
2.790000 -0.000404 
2.795000 -0.004120 
2.800000 -0.003631 
2.805000 0.005283 
2.810000 0.005106 
2.815000 -0.003308 
2.820000 -0.006132 
2.825000 -0.002531 
2.830000 -0.003992 
2.835000 -0.003818 
2.840000 0.004613 
2.845000 0.007788 
2.850000 -0.000569 
2.855000 -0.007334 
2.860000 -0.003976 
2.865000 -0.002185 
2.870000 -0.002479 
2.875000 0.000812 
2.880000 0.004777 
2.885000 0.000804 
2.890000 -0.004576 
2.895000 -0.004014 
2.900000 -0.001312 
2.905000 0.000208 
2.910000 0.001256 
2.915000 0.001567 
2.920000 -0.001614 
2.925000 -0.002494 
2.930000 -0.000603 
2.935000 -0.000042 
2.940000 -0.002141 
2.945000 -0.001563 
2.950000 -0.000169 
2.955000 -0.001207 
2.960000 -0.000377 
2.965000 0.002728 
2.970000 0.002176 
2.975000 -0.001991 
2.980000 -0.001193 
2.985000 0.000205 
2.990000 -0.002925 
2.995000 -0.003605 
3.000000 0.002673 
3.005000 0.003478 
3.010000 -0.002996 
3.015000 -0.002287 
3.020000 0.003652 
3.025000 0.000507 
3.030000 -0.006205 
3.035000 -0.001166 
3.040000 0.005272 
3.045000 0.001212 
3.050000 -0.002446 
3.055000 0.002453 
3.060000 0.002136 
3.065000 -0.005336 
3.070000 -0.003948 
3.075000 0.004572 
3.080000 0.004629 
3.085000 -0.000529 
3.090000 0.001485 
3.095000 0.002133 
3.100000 -0.005367 
3.105000 -0.007404 
3.110000 0.001947 
3.115000 0.005967 
3.120000 0.000486 
3.125000 0.000007 
3.130000 0.003531 
3.135000 -0.000948 
3.140000 -0.006373 
3.145000 -0.000356 
3.150000 0.005892 
3.155000 0.001393 
3.160000 -0.003267 
3.165000 -0.000153 
3.170000 0.001528 
3.175000 -0.000345 
3.180000 0.001991 
3.185000 0.004238 
3.190000 -0.001197 
3.195000 -0.006721 
3.200000 -0.003572 
3.205000 0.001315 
3.210000 0.002180 
3.215000 0.003108 
3.220000 0.003668 
3.225000 -0.000784 
3.230000 -0.005278 
3.235000 -0.002914 
3.240000 0.000816 
3.245000 0.000507 
3.250000 0.000228 
3.255000 0.001891 
3.260000 0.000717 
3.265000 -0.001678 
3.270000 -0.000301 
3.275000 0.001260 
3.280000 -0.000536 
3.285000 -0.001150 
3.290000 0.001231 
3.295000 0.001090 
3.300000 -0.000063 
3.305000 0.001932 
3.310000 0.002330 
3.315000 -0.002322 
3.320000 -0.003999 
3.325000 -0.000175 
3.330000 0.000155 
3.335000 -0.002378 
3.340000 0.000429 
3.345000 0.004650 
3.350000 0.001145 
3.355000 -0.003200 
3.360000 -0.001248 
3.365000 -0.000077 
3.370000 -0.003210 
3.375000 -0.001800 
3.380000 0.003780 
3.385000 0.002703 
3.390000 -0.001915 
3.395000 -0.000692 
3.400000 0.001624 
3.405000 -0.002934 
3.410000 -0.005209 
3.415000 0.000494 
3.420000 0.003921 
3.425000 0.000554 
3.430000 0.000223 
3.435000 0.003241 
3.440000 -0.000157 
3.445000 -0.005006 
3.450000 -0.001717 
3.455000 0.003183 
3.460000 -0.000152 
3.465000 -0.003170 
3.470000 0.000208 
3.475000 0.001869 
3.480000 -0.001235 
3.485000 -0.000435 
3.490000 0.003060 
3.495000 -0.000127 
3.500000 -0.005313 
3.505000 -0.003402 
3.510000 0.001634 
3.515000 0.001437 
3.520000 0.000653 
3.525000 0.001857 
3.530000 -0.000057 
3.535000 -0.004827 
3.540000 -0.004221 
3.545000 0.000688 
3.550000 0.001937 
3.555000 0.000929 
3.560000 0.001635 
3.565000 0.001601 
3.570000 -0.001713 
3.575000 -0.002243 
3.580000 0.000186 
3.585000 0.000501 
3.590000 -0.001371 
3.595000 -0.000548 
3.600000 0.001165 
3.605000 0.000371 
3.610000 -0.000222 
3.615000 0.000143 
3.620000 -0.000524 
3.625000 -0.001886 
3.630000 -0.000653 
3.635000 0.000018 
3.640000 -0.000572 
3.645000 0.000500 
3.650000 0.002508 
3.655000 0.000248 
3.660000 -0.003299 
3.665000 -0.001650 
3.670000 0.001270 
3.675000 0.000587 
3.680000 -0.000409 
3.685000 0.001710 
3.690000 0.000500 
3.695000 -0.003415 
3.700000 -0.002865 
3.705000 0.001470 
3.710000 0.001142 
3.715000 -0.001563 
3.720000 0.000238 
3.725000 0.002287 
3.730000 0.000128 
3.735000 -0.001572 
3.740000 0.000423 
3.745000 -0.000693 
3.750000 -0.003480 
3.755000 -0.001606 
3.760000 0.002544 
3.765000 0.001540 
3.770000 -0.000548 
3.775000 0.000978 
3.780000 0.000561 
3.785000 -0.002971 
3.790000 -0.002450 
3.795000 0.002713 
3.800000 0.002904 
3.805000 -0.000657 
3.810000 -0.001197 
3.815000 0.000575 
3.820000 -0.000548 
3.825000 -0.000992 
3.830000 0.001340 
3.835000 0.001082 
3.840000 -0.002036 
3.845000 -0.001956 
3.850000 0.001647 
3.855000 0.001826 
3.860000 0.000244 
3.865000 0.000440 
3.870000 0.000478 
3.875000 -0.002359 
3.880000 -0.002601 
3.885000 0.001046 
3.890000 0.002536 
3.895000 0.000608 
3.900000 -0.000261 
3.905000 0.000496 
3.910000 -0.000985 
3.915000 -0.001958 
3.920000 -0.000498 
3.925000 0.001355 
3.930000 0.000990 
3.935000 0.000643 
3.940000 0.000093 
3.945000 -0.001247 
3.950000 -0.001116 
3.955000 0.000651 
3.960000 0.000969 
3.965000 -0.000977 
3.970000 -0.001012 
3.975000 0.000147 
3.980000 0.000741 
3.985000 0.000816 
3.990000 0.001515 
3.995000 0.000290 
4.000000 -0.001997 
4.005000 -0.001799 
4.010000 0.000109 
4.015000 0.000596 
4.020000 0.000026 
4.025000 0.001070 
4.030000 0.001011 
4.035000 -0.000669 
4.040000 -0.001194 
4.045000 0.000855 
4.050000 0.001059 
4.055000 -0.000720 
4.060000 -0.000751 
4.065000 0.000672 
4.070000 0.000454 
4.075000 -0.000485 
4.080000 0.000734 
4.085000 0.000871 
4.090000 -0.001131 
4.095000 -0.001938 
4.100000 0.000455 
4.105000 0.001407 
4.110000 0.000396 
4.115000 0.000600 
4.120000 0.001457 
4.125000 0.000175 
4.130000 -0.001404 
4.135000 -0.000180 
4.140000 0.000675 
4.145000 -0.000247 
4.150000 -0.000631 
4.155000 0.000942 
4.160000 0.000967 
4.165000 0.000008 
4.170000 0.000479 
4.175000 0.001182 
4.180000 -0.000275 
4.185000 -0.001682 
4.190000 -0.000262 
4.195000 0.001190 
4.200000 0.001181 
4.205000 0.000954 
4.210000 0.001406 
4.215000 0.000083 
4.220000 -0.001545 
4.225000 -0.001103 
4.230000 0.000472 
4.235000 0.000655 
4.240000 0.000257 
4.245000 0.000648 
4.250000 0.000301 
4.255000 -0.000246 
4.260000 0.000239 
4.265000 0.001293 
4.270000 0.000505 
4.275000 -0.000446 
4.280000 -0.000335 
4.285000 -0.000031 
4.290000 -0.000136 
4.295000 0.000450 
4.300000 0.001081 
4.305000 0.000204 
4.310000 -0.000443 
4.315000 -0.000069 
4.320000 0.000347 
4.325000 -0.000059 
4.330000 0.000442 
4.335000 0.000809 
4.340000 -0.000020 
4.345000 -0.000694 
4.350000 0.000145 
4.355000 0.000695 
4.360000 -0.000056 
4.365000 0.000015 
4.370000 0.000596 
4.375000 0.000222 
4.380000 -0.000619 
4.385000 0.000217 
4.390000 0.000789 
4.395000 -0.000105 
4.400000 -0.000643 
4.405000 0.000273 
4.410000 0.000444 
4.415000 -0.000483 
4.420000 -0.000120 
4.425000 0.000766 
4.430000 0.000326 
4.435000 -0.000731 
4.440000 -0.000157 
4.445000 0.000419 
4.450000 -0.000008 
4.455000 -0.000235 
4.460000 0.000339 
4.465000 0.000085 
4.470000 -0.000655 
4.475000 -0.000060 
4.480000 0.000701 
4.485000 0.000160 
4.490000 -0.000689 
4.495000 -0.000082 
4.500000 0.000357 
4.505000 -0.000005 
4.510000 -0.000089 
4.515000 0.000455 
4.520000 0.000191 
4.525000 -0.000518 
4.530000 -0.000278 
4.535000 0.000258 
4.540000 0.000263 
4.545000 0.000045 
4.550000 0.000242 
4.555000 -0.000085 
4.560000 -0.000504 
4.565000 -0.000255 
4.570000 0.000457 
4.575000 0.000466 
4.580000 0.000055 
4.585000 -0.000054 
4.590000 -0.000130 
4.595000 -0.000202 
4.600000 -0.000033 
4.605000 0.000391 
4.610000 0.000196 
4.615000 -0.000182 
4.620000 -0.000289 
4.625000 -0.000125 
4.630000 -0.000092 
4.635000 0.000157 
4.640000 0.000485 
4.645000 0.000271 
4.650000 -0.000135 
4.655000 -0.000168 
4.660000 0.000046 
4.665000 -0.000122 
4.670000 -0.000076 
4.675000 0.000179 
4.680000 0.000161 
4.685000 -0.000176 
4.690000 -0.000044 
4.695000 0.000272 
4.700000 0.000119 
4.705000 -0.000071 
4.710000 0.000026 
4.715000 0.000003 
4.720000 -0.000346 
4.725000 -0.000152 
4.730000 0.000303 
4.735000 0.000275 
4.740000 -0.000152 
4.745000 -0.000140 
4.750000 0.000056 
4.755000 -0.000031 
4.760000 -0.000046 
4.765000 0.000151 
4.770000 0.000127 
4.775000 -0.000220 
4.780000 -0.000151 
4.785000 0.000158 
4.790000 0.000179 
4.795000 -0.000047 
4.800000 0.000018 
4.805000 0.000090 
4.810000 -0.000098 
4.815000 -0.000145 
4.820000 0.000072 
4.825000 0.000120 
4.830000 -0.000113 
4.835000 -0.000092 
4.840000 0.000072 
4.845000 0.000066 
4.850000 -0.000047 
4.855000 0.000031 
4.860000 0.000049 
4.865000 -0.000091 
4.870000 -0.000098 
4.875000 0.000076 
4.880000 0.000136 
4.885000 0.000005 
4.890000 -0.000027 
4.895000 -0.000011 
4.900000 -0.000050 
4.905000 -0.000088 
4.910000 0.000006 
4.915000 0.000055 
4.920000 0.000004 
4.925000 -0.000019 
4.930000 0.000001 
4.935000 -0.000015 
4.940000 -0.000024 
4.945000 0.000046 
4.950000 0.000065 
4.955000 0.000009 
4.960000 -0.000040 
4.965000 -0.000034 
4.970000 -0.000030 
4.975000 -0.000018 
4.980000 0.000004 
4.985000 0.000007 
4.990000 -0.000003 
4.995000 -0.000003 
