# Time(ps) Norm. Int.(No Units) 
0.000000 1.000000 
0.005000 0.686009 
0.010000 0.175146 
0.015000 -0.005882 
0.020000 -0.006964 
0.025000 -0.107297 
0.030000 -0.178014 
0.035000 -0.084241 
0.040000 0.062959 
0.045000 0.187549 
0.050000 0.270547 
0.055000 0.219873 
0.060000 0.054809 
0.065000 -0.040963 
0.070000 -0.022620 
0.075000 -0.010932 
0.080000 -0.032965 
0.085000 -0.033806 
0.090000 -0.040098 
0.095000 -0.075663 
0.100000 -0.082605 
0.105000 -0.051917 
0.110000 -0.045725 
0.115000 -0.064264 
0.120000 -0.048979 
0.125000 0.000205 
0.130000 0.032581 
0.135000 0.017396 
0.140000 -0.023237 
0.145000 -0.031750 
0.150000 0.008526 
0.155000 0.030527 
0.160000 -0.003517 
0.165000 -0.031173 
0.170000 -0.026453 
0.175000 -0.040092 
0.180000 -0.054220 
0.185000 -0.010276 
0.190000 0.028316 
0.195000 0.004463 
0.200000 0.020786 
0.205000 0.116879 
0.210000 0.134421 
0.215000 0.026989 
0.220000 -0.031145 
0.225000 -0.003277 
0.230000 -0.056478 
0.235000 -0.191332 
0.240000 -0.199643 
0.245000 -0.037649 
0.250000 0.107255 
0.255000 0.111450 
0.260000 0.037952 
0.265000 -0.014111 
0.270000 -0.023951 
0.275000 -0.025299 
0.280000 -0.042414 
0.285000 -0.060911 
0.290000 -0.056874 
0.295000 -0.022446 
0.300000 0.024166 
0.305000 0.036050 
0.310000 -0.019591 
0.315000 -0.084789 
0.320000 -0.069181 
0.325000 0.016248 
0.330000 0.095688 
0.335000 0.145250 
0.340000 0.154063 
0.345000 0.087883 
0.350000 0.003045 
0.355000 -0.000633 
0.360000 0.025342 
0.365000 -0.022763 
0.370000 -0.055137 
0.375000 0.037617 
0.380000 0.118855 
0.385000 0.053170 
0.390000 -0.016708 
0.395000 0.040971 
0.400000 0.090403 
0.405000 0.032322 
0.410000 -0.007230 
0.415000 0.029792 
0.420000 0.025417 
0.425000 -0.034360 
0.430000 -0.039990 
0.435000 -0.003631 
0.440000 -0.013000 
0.445000 -0.035055 
0.450000 -0.012913 
0.455000 -0.005361 
0.460000 -0.046470 
0.465000 -0.056665 
0.470000 -0.003504 
0.475000 0.025852 
0.480000 -0.008824 
0.485000 -0.030011 
0.490000 0.016091 
0.495000 0.069315 
0.500000 0.056153 
0.505000 -0.005297 
0.510000 -0.053191 
0.515000 -0.069272 
0.520000 -0.068077 
0.525000 -0.048172 
0.530000 -0.016110 
0.535000 0.008084 
0.540000 0.038188 
0.545000 0.095747 
0.550000 0.131406 
0.555000 0.088264 
0.560000 0.007682 
0.565000 -0.052813 
0.570000 -0.110733 
0.575000 -0.150968 
0.580000 -0.087529 
0.585000 0.043791 
0.590000 0.082271 
0.595000 0.017750 
0.600000 0.008131 
0.605000 0.067875 
0.610000 0.048092 
0.615000 -0.054684 
0.620000 -0.084528 
0.625000 -0.013186 
0.630000 0.035877 
0.635000 0.016883 
0.640000 -0.015975 
0.645000 -0.039614 
0.650000 -0.056767 
0.655000 -0.043887 
0.660000 -0.006851 
0.665000 0.012758 
0.670000 0.020277 
0.675000 0.051215 
0.680000 0.080033 
0.685000 0.051073 
0.690000 -0.014610 
0.695000 -0.044756 
0.700000 -0.026361 
0.705000 -0.012861 
0.710000 -0.021556 
0.715000 -0.010450 
0.720000 0.028034 
0.725000 0.035415 
0.730000 -0.005247 
0.735000 -0.022582 
0.740000 0.020020 
0.745000 0.060018 
0.750000 0.048797 
0.755000 0.021172 
0.760000 0.006298 
0.765000 -0.006554 
0.770000 -0.011708 
0.775000 -0.009073 
0.780000 -0.038743 
0.785000 -0.085707 
0.790000 -0.058103 
0.795000 0.041665 
0.800000 0.088807 
0.805000 0.049693 
0.810000 0.023119 
0.815000 0.025327 
0.820000 -0.020100 
0.825000 -0.079888 
0.830000 -0.053392 
0.835000 0.014901 
0.840000 0.016521 
0.845000 -0.009651 
0.850000 0.020469 
0.855000 0.051057 
0.860000 0.008003 
0.865000 -0.042787 
0.870000 -0.030176 
0.875000 0.000913 
0.880000 0.010931 
0.885000 0.032499 
0.890000 0.053859 
0.895000 0.020590 
0.900000 -0.035206 
0.905000 -0.040258 
0.910000 -0.017933 
0.915000 -0.026064 
0.920000 -0.030215 
0.925000 0.012488 
0.930000 0.048080 
0.935000 0.025093 
0.940000 -0.009585 
0.945000 -0.012168 
0.950000 -0.013419 
0.955000 -0.024254 
0.960000 -0.003354 
0.965000 0.038646 
0.970000 0.035021 
0.975000 -0.012232 
0.980000 -0.036139 
0.985000 -0.026024 
0.990000 -0.023860 
0.995000 -0.022716 
1.000000 0.005830 
1.005000 0.030434 
1.010000 0.018231 
1.015000 0.009596 
1.020000 0.032760 
1.025000 0.030446 
1.030000 -0.028248 
1.035000 -0.070129 
1.040000 -0.039674 
1.045000 0.008417 
1.050000 0.018617 
1.055000 0.017029 
1.060000 0.026359 
1.065000 0.016124 
1.070000 -0.014789 
1.075000 -0.020040 
1.080000 0.000063 
1.085000 -0.002285 
1.090000 -0.022390 
1.095000 -0.007468 
1.100000 0.035737 
1.105000 0.045942 
1.110000 0.012667 
1.115000 -0.015314 
1.120000 -0.018360 
1.125000 -0.017018 
1.130000 -0.012524 
1.135000 0.006330 
1.140000 0.021987 
1.145000 0.015341 
1.150000 0.003252 
1.155000 -0.002685 
1.160000 -0.018170 
1.165000 -0.033094 
1.170000 -0.009163 
1.175000 0.037378 
1.180000 0.044191 
1.185000 0.012319 
1.190000 -0.000517 
1.195000 0.003711 
1.200000 -0.023392 
1.205000 -0.057272 
1.210000 -0.035035 
1.215000 0.018005 
1.220000 0.029972 
1.225000 0.010485 
1.230000 0.007042 
1.235000 0.002391 
1.240000 -0.027091 
1.245000 -0.039157 
1.250000 -0.011193 
1.255000 0.006641 
1.260000 -0.001149 
1.265000 0.014853 
1.270000 0.048544 
1.275000 0.030218 
1.280000 -0.033013 
1.285000 -0.059907 
1.290000 -0.037691 
1.295000 -0.019511 
1.300000 -0.007645 
1.305000 0.024087 
1.310000 0.042252 
1.315000 0.015838 
1.320000 -0.008072 
1.325000 0.006455 
1.330000 0.010448 
1.335000 -0.025014 
1.340000 -0.043893 
1.345000 -0.013871 
1.350000 0.016503 
1.355000 0.016439 
1.360000 0.011206 
1.365000 0.004054 
1.370000 -0.020773 
1.375000 -0.032514 
1.380000 -0.002128 
1.385000 0.024334 
1.390000 0.007207 
1.395000 -0.007818 
1.400000 0.013975 
1.405000 0.018949 
1.410000 -0.026148 
1.415000 -0.059472 
1.420000 -0.036240 
1.425000 -0.000501 
1.430000 0.010140 
1.435000 0.019956 
1.440000 0.036036 
1.445000 0.025739 
1.450000 -0.009099 
1.455000 -0.029167 
1.460000 -0.028900 
1.465000 -0.028442 
1.470000 -0.018189 
1.475000 0.013880 
1.480000 0.036815 
1.485000 0.022256 
1.490000 -0.004637 
1.495000 -0.014218 
1.500000 -0.019184 
1.505000 -0.030388 
1.510000 -0.022021 
1.515000 0.014179 
1.520000 0.038265 
1.525000 0.024995 
1.530000 0.001347 
1.535000 -0.009133 
1.540000 -0.019978 
1.545000 -0.032349 
1.550000 -0.021820 
1.555000 0.005307 
1.560000 0.011027 
1.565000 -0.003353 
1.570000 -0.001377 
1.575000 0.012744 
1.580000 0.002996 
1.585000 -0.021524 
1.590000 -0.020569 
1.595000 0.001795 
1.600000 0.013885 
1.605000 0.015981 
1.610000 0.017343 
1.615000 -0.000692 
1.620000 -0.035966 
1.625000 -0.043324 
1.630000 -0.011518 
1.635000 0.010406 
1.640000 0.002673 
1.645000 0.005209 
1.650000 0.028450 
1.655000 0.029786 
1.660000 -0.000651 
1.665000 -0.022358 
1.670000 -0.023113 
1.675000 -0.023966 
1.680000 -0.017999 
1.685000 0.009701 
1.690000 0.028642 
1.695000 0.012079 
1.700000 -0.006794 
1.705000 -0.001245 
1.710000 -0.003786 
1.715000 -0.029280 
1.720000 -0.031442 
1.725000 0.004471 
1.730000 0.026321 
1.735000 0.013369 
1.740000 0.004528 
1.745000 0.006218 
1.750000 -0.013377 
1.755000 -0.037151 
1.760000 -0.022245 
1.765000 0.010191 
1.770000 0.014269 
1.775000 0.006464 
1.780000 0.016187 
1.785000 0.017527 
1.790000 -0.008654 
1.795000 -0.024027 
1.800000 -0.008543 
1.805000 0.002799 
1.810000 -0.002604 
1.815000 0.004357 
1.820000 0.021403 
1.825000 0.014987 
1.830000 -0.008191 
1.835000 -0.015310 
1.840000 -0.009431 
1.845000 -0.008418 
1.850000 0.000319 
1.855000 0.023801 
1.860000 0.031933 
1.865000 0.009366 
1.870000 -0.013284 
1.875000 -0.013644 
1.880000 -0.010236 
1.885000 -0.015674 
1.890000 -0.012692 
1.895000 0.005349 
1.900000 0.017582 
1.905000 0.014877 
1.910000 0.010701 
1.915000 0.006159 
1.920000 -0.011109 
1.925000 -0.028878 
1.930000 -0.019261 
1.935000 0.009399 
1.940000 0.021216 
1.945000 0.012746 
1.950000 0.010858 
1.955000 0.013839 
1.960000 -0.001905 
1.965000 -0.025377 
1.970000 -0.024990 
1.975000 -0.006253 
1.980000 0.005437 
1.985000 0.014297 
1.990000 0.028933 
1.995000 0.027921 
2.000000 0.001877 
2.005000 -0.017466 
2.010000 -0.013297 
2.015000 -0.009377 
2.020000 -0.013454 
2.025000 -0.002174 
2.030000 0.020816 
2.035000 0.023271 
2.040000 0.005434 
2.045000 -0.005321 
2.050000 -0.008900 
2.055000 -0.019147 
2.060000 -0.020571 
2.065000 0.000902 
2.070000 0.020240 
2.075000 0.015616 
2.080000 0.005670 
2.085000 0.004800 
2.090000 -0.004187 
2.095000 -0.021956 
2.100000 -0.019375 
2.105000 0.004471 
2.110000 0.014650 
2.115000 0.005543 
2.120000 0.005102 
2.125000 0.012652 
2.130000 0.002144 
2.135000 -0.017252 
2.140000 -0.015264 
2.145000 -0.000006 
2.150000 0.002979 
2.155000 0.003772 
2.160000 0.018148 
2.165000 0.023050 
2.170000 0.001234 
2.175000 -0.018413 
2.180000 -0.013113 
2.185000 -0.004322 
2.190000 -0.006240 
2.195000 -0.000467 
2.200000 0.014277 
2.205000 0.013881 
2.210000 0.000596 
2.215000 -0.001956 
2.220000 0.000243 
2.225000 -0.010606 
2.230000 -0.018452 
2.235000 -0.003474 
2.240000 0.013877 
2.245000 0.010488 
2.250000 0.000780 
2.255000 0.000740 
2.260000 -0.001623 
2.265000 -0.011379 
2.270000 -0.011016 
2.275000 0.001566 
2.280000 0.007240 
2.285000 0.003931 
2.290000 0.006672 
2.295000 0.010788 
2.300000 0.000163 
2.305000 -0.015669 
2.310000 -0.014060 
2.315000 0.000180 
2.320000 0.005401 
2.325000 0.002214 
2.330000 0.004630 
2.335000 0.007382 
2.340000 -0.001654 
2.345000 -0.011413 
2.350000 -0.007007 
2.355000 0.000643 
2.360000 -0.002165 
2.365000 -0.003453 
2.370000 0.006537 
2.375000 0.010524 
2.380000 -0.001704 
2.385000 -0.011283 
2.390000 -0.007259 
2.395000 -0.004278 
2.400000 -0.005654 
2.405000 0.002534 
2.410000 0.013561 
2.415000 0.006784 
2.420000 -0.008955 
2.425000 -0.010017 
2.430000 -0.002712 
2.435000 -0.004932 
2.440000 -0.007232 
2.445000 0.003304 
2.450000 0.011308 
2.455000 0.004133 
2.460000 -0.003078 
2.465000 -0.000880 
2.470000 -0.003306 
2.475000 -0.012625 
2.480000 -0.011155 
2.485000 0.001473 
2.490000 0.006465 
2.495000 0.002714 
2.500000 0.003814 
2.505000 0.004912 
2.510000 -0.005694 
2.515000 -0.016006 
2.520000 -0.009658 
2.525000 0.001592 
2.530000 0.000983 
2.535000 -0.001684 
2.540000 0.005583 
2.545000 0.009089 
2.550000 -0.002532 
2.555000 -0.012894 
2.560000 -0.008851 
2.565000 -0.003098 
2.570000 -0.004149 
2.575000 -0.000235 
2.580000 0.009310 
2.585000 0.007799 
2.590000 -0.003673 
2.595000 -0.006545 
2.600000 -0.002375 
2.605000 -0.006682 
2.610000 -0.012308 
2.615000 -0.003553 
2.620000 0.008493 
2.625000 0.005969 
2.630000 -0.001910 
2.635000 -0.001992 
2.640000 -0.003523 
2.645000 -0.011779 
2.650000 -0.011071 
2.655000 0.002135 
2.660000 0.008224 
2.665000 0.001610 
2.670000 -0.001684 
2.675000 0.000947 
2.680000 -0.003481 
2.685000 -0.011567 
2.690000 -0.009192 
2.695000 -0.000848 
2.700000 0.000855 
2.705000 0.001042 
2.710000 0.007195 
2.715000 0.008319 
2.720000 -0.003361 
2.725000 -0.013439 
2.730000 -0.010364 
2.735000 -0.004326 
2.740000 -0.003227 
2.745000 0.001145 
2.750000 0.009763 
2.755000 0.008879 
2.760000 -0.002626 
2.765000 -0.008707 
2.770000 -0.005476 
2.775000 -0.004994 
2.780000 -0.007891 
2.785000 -0.003080 
2.790000 0.006158 
2.795000 0.006886 
2.800000 0.001594 
2.805000 0.000638 
2.810000 -0.000277 
2.815000 -0.007692 
2.820000 -0.011557 
2.825000 -0.003693 
2.830000 0.004324 
2.835000 0.002940 
2.840000 0.001156 
2.845000 0.004189 
2.850000 0.002159 
2.855000 -0.006575 
2.860000 -0.008973 
2.865000 -0.002843 
2.870000 0.000265 
2.875000 -0.000694 
2.880000 0.002474 
2.885000 0.005415 
2.890000 -0.000834 
2.895000 -0.008196 
2.900000 -0.005050 
2.905000 0.001345 
2.910000 -0.000086 
2.915000 -0.002685 
2.920000 0.001699 
2.925000 0.004736 
2.930000 -0.000739 
2.935000 -0.005805 
2.940000 -0.004161 
2.945000 -0.003199 
2.950000 -0.004854 
2.955000 -0.000354 
2.960000 0.008500 
2.965000 0.008453 
2.970000 -0.000231 
2.975000 -0.004555 
2.980000 -0.003486 
2.985000 -0.005517 
2.990000 -0.006796 
2.995000 0.000670 
3.000000 0.008264 
3.005000 0.004926 
3.010000 -0.001342 
3.015000 -0.000128 
3.020000 0.001084 
3.025000 -0.004478 
3.030000 -0.006784 
3.035000 -0.000070 
3.040000 0.004622 
3.045000 0.002214 
3.050000 0.001700 
3.055000 0.003827 
3.060000 -0.000451 
3.065000 -0.007298 
3.070000 -0.004796 
3.075000 0.002851 
3.080000 0.003870 
3.085000 0.001686 
3.090000 0.004109 
3.095000 0.004577 
3.100000 -0.002615 
3.105000 -0.007379 
3.110000 -0.002995 
3.115000 0.001252 
3.120000 0.000173 
3.125000 0.001652 
3.130000 0.006462 
3.135000 0.004799 
3.140000 -0.002689 
3.145000 -0.004829 
3.150000 -0.001343 
3.155000 -0.000861 
3.160000 -0.002118 
3.165000 0.001457 
3.170000 0.005893 
3.175000 0.004341 
3.180000 0.000739 
3.185000 0.000095 
3.190000 -0.001931 
3.195000 -0.007244 
3.200000 -0.007532 
3.205000 0.000362 
3.210000 0.006745 
3.215000 0.005362 
3.220000 0.002202 
3.225000 0.001531 
3.230000 -0.000885 
3.235000 -0.005413 
3.240000 -0.005545 
3.245000 -0.000909 
3.250000 0.001471 
3.255000 0.000831 
3.260000 0.002409 
3.265000 0.004573 
3.270000 0.001386 
3.275000 -0.004129 
3.280000 -0.004533 
3.285000 -0.001492 
3.290000 -0.000376 
3.295000 0.001268 
3.300000 0.005941 
3.305000 0.006681 
3.310000 -0.000437 
3.315000 -0.006603 
3.320000 -0.005230 
3.325000 -0.002524 
3.330000 -0.002771 
3.335000 -0.000295 
3.340000 0.005627 
3.345000 0.006536 
3.350000 0.001165 
3.355000 -0.002441 
3.360000 -0.002995 
3.365000 -0.005125 
3.370000 -0.005789 
3.375000 -0.000143 
3.380000 0.005470 
3.385000 0.004031 
3.390000 0.000932 
3.395000 0.001634 
3.400000 0.000492 
3.405000 -0.005277 
3.410000 -0.007248 
3.415000 -0.002043 
3.420000 0.002273 
3.425000 0.002411 
3.430000 0.003819 
3.435000 0.005650 
3.440000 0.001595 
3.445000 -0.004915 
3.450000 -0.005246 
3.455000 -0.001532 
3.460000 -0.000978 
3.465000 -0.001391 
3.470000 0.001718 
3.475000 0.003859 
3.480000 0.000908 
3.485000 -0.001770 
3.490000 -0.000612 
3.495000 -0.000732 
3.500000 -0.003736 
3.505000 -0.003299 
3.510000 0.001576 
3.515000 0.003707 
3.520000 0.001171 
3.525000 -0.000905 
3.530000 -0.001670 
3.535000 -0.003993 
3.540000 -0.005051 
3.545000 -0.000934 
3.550000 0.004000 
3.555000 0.003914 
3.560000 0.001463 
3.565000 0.001076 
3.570000 0.000464 
3.575000 -0.002605 
3.580000 -0.004254 
3.585000 -0.002086 
3.590000 0.000202 
3.595000 0.000750 
3.600000 0.002261 
3.605000 0.004172 
3.610000 0.002164 
3.615000 -0.002666 
3.620000 -0.004230 
3.625000 -0.001782 
3.630000 -0.000157 
3.635000 -0.000254 
3.640000 0.001155 
3.645000 0.003113 
3.650000 0.001789 
3.655000 -0.001533 
3.660000 -0.002518 
3.665000 -0.001573 
3.670000 -0.001297 
3.675000 -0.000260 
3.680000 0.002617 
3.685000 0.003078 
3.690000 -0.001075 
3.695000 -0.004272 
3.700000 -0.002541 
3.705000 -0.000208 
3.710000 -0.000738 
3.715000 -0.000522 
3.720000 0.002186 
3.725000 0.003030 
3.730000 0.000690 
3.735000 -0.000814 
3.740000 -0.001023 
3.745000 -0.002883 
3.750000 -0.004339 
3.755000 -0.001714 
3.760000 0.001932 
3.765000 0.002308 
3.770000 0.001788 
3.775000 0.002534 
3.780000 0.000965 
3.785000 -0.003263 
3.790000 -0.003940 
3.795000 0.000104 
3.800000 0.002295 
3.805000 0.000711 
3.810000 0.000252 
3.815000 0.001640 
3.820000 0.000850 
3.825000 -0.001450 
3.830000 -0.001572 
3.835000 -0.000637 
3.840000 -0.001103 
3.845000 -0.000677 
3.850000 0.002262 
3.855000 0.003826 
3.860000 0.001582 
3.865000 -0.001038 
3.870000 -0.001489 
3.875000 -0.001688 
3.880000 -0.002183 
3.885000 -0.000734 
3.890000 0.001966 
3.895000 0.002452 
3.900000 0.000758 
3.905000 -0.000119 
3.910000 -0.000205 
3.915000 -0.001528 
3.920000 -0.002714 
3.925000 -0.000914 
3.930000 0.002230 
3.935000 0.002775 
3.940000 0.000932 
3.945000 -0.000200 
3.950000 -0.000427 
3.955000 -0.001420 
3.960000 -0.002314 
3.965000 -0.001543 
3.970000 -0.000215 
3.975000 0.000589 
3.980000 0.002036 
3.985000 0.003581 
3.990000 0.002249 
3.995000 -0.001470 
4.000000 -0.003187 
4.005000 -0.001898 
4.010000 -0.000823 
4.015000 -0.000624 
4.020000 0.000747 
4.025000 0.002229 
4.030000 0.001187 
4.035000 -0.000828 
4.040000 -0.000797 
4.045000 0.000159 
4.050000 -0.000259 
4.055000 -0.000721 
4.060000 0.000371 
4.065000 0.001254 
4.070000 0.000593 
4.075000 0.000038 
4.080000 0.000172 
4.085000 -0.000792 
4.090000 -0.002414 
4.095000 -0.001848 
4.100000 0.000752 
4.105000 0.002161 
4.110000 0.001697 
4.115000 0.001357 
4.120000 0.001134 
4.125000 -0.000367 
4.130000 -0.001916 
4.135000 -0.001457 
4.140000 -0.000078 
4.145000 0.000363 
4.150000 0.000736 
4.155000 0.001862 
4.160000 0.001878 
4.165000 0.000035 
4.170000 -0.001206 
4.175000 -0.000668 
4.180000 -0.000301 
4.185000 -0.000648 
4.190000 0.000189 
4.195000 0.001988 
4.200000 0.002327 
4.205000 0.001159 
4.210000 0.000362 
4.215000 -0.000246 
4.220000 -0.001527 
4.225000 -0.001943 
4.230000 -0.000282 
4.235000 0.001398 
4.240000 0.001240 
4.245000 0.000561 
4.250000 0.000656 
4.255000 0.000559 
4.260000 -0.000149 
4.265000 -0.000187 
4.270000 0.000510 
4.275000 0.000478 
4.280000 -0.000270 
4.285000 -0.000271 
4.290000 0.000391 
4.295000 0.000288 
4.300000 -0.000464 
4.305000 -0.000449 
4.310000 0.000357 
4.315000 0.000740 
4.320000 0.000649 
4.325000 0.000842 
4.330000 0.000883 
4.335000 -0.000022 
4.340000 -0.000970 
4.345000 -0.000726 
4.350000 0.000046 
4.355000 0.000244 
4.360000 0.000354 
4.365000 0.000842 
4.370000 0.000758 
4.375000 -0.000086 
4.380000 -0.000323 
4.385000 0.000208 
4.390000 0.000093 
4.395000 -0.000533 
4.400000 -0.000164 
4.405000 0.000764 
4.410000 0.000591 
4.415000 -0.000211 
4.420000 -0.000143 
4.425000 0.000233 
4.430000 -0.000229 
4.435000 -0.000709 
4.440000 -0.000217 
4.445000 0.000389 
4.450000 0.000363 
4.455000 0.000343 
4.460000 0.000439 
4.465000 -0.000104 
4.470000 -0.000834 
4.475000 -0.000541 
4.480000 0.000325 
4.485000 0.000417 
4.490000 -0.000046 
4.495000 -0.000006 
4.500000 0.000267 
4.505000 -0.000012 
4.510000 -0.000398 
4.515000 -0.000155 
4.520000 0.000258 
4.525000 0.000204 
4.530000 0.000107 
4.535000 0.000408 
4.540000 0.000552 
4.545000 0.000081 
4.550000 -0.000454 
4.555000 -0.000544 
4.560000 -0.000443 
4.565000 -0.000272 
4.570000 0.000272 
4.575000 0.000878 
4.580000 0.000759 
4.585000 0.000084 
4.590000 -0.000226 
4.595000 -0.000095 
4.600000 -0.000166 
4.605000 -0.000344 
4.610000 -0.000117 
4.615000 0.000202 
4.620000 0.000074 
4.625000 -0.000113 
4.630000 0.000101 
4.635000 0.000251 
4.640000 -0.000023 
4.645000 -0.000159 
4.650000 0.000146 
4.655000 0.000285 
4.660000 0.000003 
4.665000 -0.000145 
4.670000 0.000011 
4.675000 -0.000010 
4.680000 -0.000207 
4.685000 -0.000105 
4.690000 0.000203 
4.695000 0.000259 
4.700000 0.000168 
4.705000 0.000223 
4.710000 0.000151 
4.715000 -0.000260 
4.720000 -0.000509 
4.725000 -0.000221 
4.730000 0.000151 
4.735000 0.000162 
4.740000 0.000075 
4.745000 0.000174 
4.750000 0.000224 
4.755000 0.000073 
4.760000 -0.000036 
4.765000 -0.000044 
4.770000 -0.000166 
4.775000 -0.000289 
4.780000 -0.000095 
4.785000 0.000255 
4.790000 0.000327 
4.795000 0.000160 
4.800000 0.000071 
4.805000 0.000014 
4.810000 -0.000167 
4.815000 -0.000255 
4.820000 -0.000063 
4.825000 0.000142 
4.830000 0.000110 
4.835000 0.000023 
4.840000 0.000044 
4.845000 0.000024 
4.850000 -0.000089 
4.855000 -0.000101 
4.860000 -0.000003 
4.865000 0.000014 
4.870000 -0.000016 
4.875000 0.000072 
4.880000 0.000159 
4.885000 0.000041 
4.890000 -0.000135 
4.895000 -0.000121 
4.900000 0.000002 
4.905000 0.000031 
4.910000 0.000008 
4.915000 0.000043 
4.920000 0.000070 
4.925000 0.000016 
4.930000 -0.000041 
4.935000 -0.000035 
4.940000 -0.000010 
4.945000 0.000008 
4.950000 0.000042 
4.955000 0.000060 
4.960000 0.000014 
4.965000 -0.000051 
4.970000 -0.000056 
4.975000 -0.000018 
4.980000 0.000001 
4.985000 0.000001 
4.990000 0.000008 
4.995000 0.000009 
