# Frequency (THz), VDOS (THz^-1)
0.00000, -1.34361e-04
0.20000, 1.25479e-04
0.40000, -1.00330e-04
0.60000, 6.47213e-05
0.80000, -2.92038e-05
1.00000, 4.47850e-06
1.20000, 5.10565e-06
1.40000, -3.24131e-06
1.60000, -2.72471e-06
1.80000, 7.20295e-06
2.00000, -8.24241e-06
2.20000, 6.12594e-06
2.40000, -1.63145e-06
2.60000, -4.22834e-06
2.80000, 9.57232e-06
3.00000, -1.17847e-05
3.20000, 9.09073e-06
3.40000, -2.25586e-06
3.60000, -5.58912e-06
3.80000, 1.11904e-05
4.00000, -1.34051e-05
4.20000, 1.34139e-05
4.40000, -1.30142e-05
4.60000, 1.27347e-05
4.80000, -1.13814e-05
5.00000, 7.30778e-06
5.20000, -2.99000e-07
5.40000, -7.53256e-06
5.60000, 1.26350e-05
5.80000, -1.21790e-05
6.00000, 6.11533e-06
6.20000, 2.45392e-06
6.40000, -9.26653e-06
6.60000, 1.18079e-05
6.80000, -1.04533e-05
7.00000, 6.94831e-06
7.20000, -2.33249e-06
7.40000, -3.31879e-06
7.60000, 9.63823e-06
7.80000, -1.52441e-05
8.00000, 1.83962e-05
8.20000, -1.80947e-05
8.40000, 1.46496e-05
8.60000, -9.55979e-06
8.80000, 4.80615e-06
9.00000, -1.80326e-06
9.20000, 6.62300e-07
9.40000, -3.82180e-07
9.60000, -2.04669e-07
9.80000, 1.60898e-06
10.00000, -3.61474e-06
10.20000, 5.70921e-06
10.40000, -7.36528e-06
10.60000, 8.00744e-06
10.80000, -7.07213e-06
11.00000, 4.52098e-06
11.20000, -1.47029e-06
11.40000, -5.41817e-08
11.60000, -1.37070e-06
11.80000, 5.19462e-06
12.00000, -9.54048e-06
12.20000, 1.33358e-05
12.40000, -1.69926e-05
12.60000, 1.99865e-05
12.80000, -1.77828e-05
13.00000, 2.91703e-06
13.20000, 2.80093e-05
13.40000, -6.70473e-05
13.60000, 9.66895e-05
13.80000, -1.02238e-04
14.00000, 8.33528e-05
14.20000, -5.28707e-05
14.40000, 2.52742e-05
14.60000, -7.50684e-06
14.80000, -1.00722e-06
15.00000, 3.26803e-06
15.20000, -9.03224e-07
15.40000, -6.65895e-06
15.60000, 2.10415e-05
15.80000, -4.21899e-05
16.00000, 6.53413e-05
16.20000, -8.12439e-05
16.40000, 8.16368e-05
16.60000, -6.61407e-05
16.80000, 4.35446e-05
17.00000, -2.52566e-05
17.20000, 1.68446e-05
17.40000, -1.54770e-05
17.60000, 1.44897e-05
17.80000, -9.57742e-06
18.00000, 1.34182e-06
18.20000, 6.52163e-06
18.40000, -1.10629e-05
18.60000, 1.27706e-05
18.80000, -1.41126e-05
19.00000, 1.38669e-05
19.20000, -2.70173e-06
19.40000, -3.30744e-05
19.60000, 9.94245e-05
19.80000, -1.82821e-04
20.00000, 2.50266e-04
20.20000, -2.66761e-04
20.40000, 2.21624e-04
20.60000, -1.40740e-04
20.80000, 6.84155e-05
21.00000, -3.30962e-05
21.20000, 3.07244e-05
21.40000, -3.90862e-05
21.60000, 4.20538e-05
21.80000, -3.82660e-05
22.00000, 3.27823e-05
22.20000, -2.67484e-05
22.40000, 1.47675e-05
22.60000, 1.18521e-05
22.80000, -6.16365e-05
23.00000, 1.41306e-04
23.20000, -2.52401e-04
23.40000, 3.83062e-04
23.60000, -5.02068e-04
23.80000, 5.68389e-04
24.00000, -5.55451e-04
24.20000, 4.69266e-04
24.40000, -3.43606e-04
24.60000, 2.19369e-04
24.80000, -1.26247e-04
25.00000, 7.44294e-05
25.20000, -5.49359e-05
25.40000, 4.80239e-05
25.60000, -3.70502e-05
25.80000, 1.81801e-05
26.00000, 1.80365e-06
26.20000, -1.50986e-05
26.40000, 1.86475e-05
26.60000, -1.20476e-05
26.80000, -5.98909e-06
27.00000, 3.59542e-05
27.20000, -7.25186e-05
27.40000, 1.03716e-04
27.60000, -1.18173e-04
27.80000, 1.15159e-04
28.00000, -1.06924e-04
28.20000, 1.08260e-04
28.40000, -1.21716e-04
28.60000, 1.33639e-04
28.80000, -1.25567e-04
29.00000, 8.89414e-05
29.20000, -2.94913e-05
29.40000, -3.87667e-05
29.60000, 1.01692e-04
29.80000, -1.51974e-04
30.00000, 1.94695e-04
30.20000, -2.45402e-04
30.40000, 3.15815e-04
30.60000, -3.99174e-04
30.80000, 4.74811e-04
31.00000, -5.28882e-04
31.20000, 5.63523e-04
31.40000, -5.81587e-04
31.60000, 5.71109e-04
31.80000, -5.15585e-04
32.00000, 4.17904e-04
32.20000, -3.05132e-04
32.40000, 2.07537e-04
32.60000, -1.37438e-04
32.80000, 8.87411e-05
33.00000, -5.02181e-05
33.20000, 1.34216e-05
33.40000, 2.99548e-05
33.60000, -8.95363e-05
33.80000, 1.66904e-04
34.00000, -2.43293e-04
34.20000, 2.82372e-04
34.40000, -2.53887e-04
34.60000, 1.60406e-04
34.80000, -4.15326e-05
35.00000, -5.12572e-05
35.20000, 8.85514e-05
35.40000, -7.72533e-05
35.60000, 4.63477e-05
35.80000, -2.19473e-05
36.00000, 1.49327e-05
36.20000, -2.60461e-05
36.40000, 5.51538e-05
36.60000, -1.02207e-04
36.80000, 1.60523e-04
37.00000, -2.12098e-04
37.20000, 2.32847e-04
37.40000, -2.06455e-04
37.60000, 1.36865e-04
37.80000, -4.80528e-05
38.00000, -3.19992e-05
38.20000, 9.20443e-05
38.40000, -1.43998e-04
38.60000, 2.06923e-04
38.80000, -2.83620e-04
39.00000, 3.54374e-04
39.20000, -3.94739e-04
39.40000, 3.98490e-04
39.60000, -3.81402e-04
39.80000, 3.61863e-04
40.00000, -3.39557e-04
40.20000, 2.96850e-04
40.40000, -2.22618e-04
40.60000, 1.31359e-04
40.80000, -5.51069e-05
41.00000, 1.73995e-05
41.20000, -1.65680e-05
41.40000, 3.10979e-05
41.60000, -3.71409e-05
41.80000, 2.29952e-05
42.00000, 6.81153e-06
42.20000, -3.75236e-05
42.40000, 5.46158e-05
42.60000, -5.09914e-05
42.80000, 2.76353e-05
43.00000, 9.30808e-06
43.20000, -5.11166e-05
43.40000, 8.74209e-05
43.60000, -1.06627e-04
43.80000, 9.85254e-05
44.00000, -5.94729e-05
44.20000, -4.46712e-06
44.40000, 8.02836e-05
44.60000, -1.53732e-04
44.80000, 2.12750e-04
45.00000, -2.47922e-04
45.20000, 2.53221e-04
45.40000, -2.28888e-04
45.60000, 1.84037e-04
45.80000, -1.34353e-04
46.00000, 9.45007e-05
46.20000, -7.15013e-05
46.40000, 6.47521e-05
46.60000, -7.10530e-05
46.80000, 8.87915e-05
47.00000, -1.17492e-04
47.20000, 1.52735e-04
47.40000, -1.81280e-04
47.60000, 1.84948e-04
47.80000, -1.55100e-04
48.00000, 1.04765e-04
48.20000, -6.36377e-05
48.40000, 5.85444e-05
48.60000, -9.53739e-05
48.80000, 1.54012e-04
49.00000, -1.98675e-04
49.20000, 2.00109e-04
49.40000, -1.56451e-04
49.60000, 9.39188e-05
49.80000, -4.42946e-05
50.00000, 2.10529e-05
50.20000, -1.64254e-05
50.40000, 1.63606e-05
50.60000, -1.36494e-05
50.80000, 8.83200e-06
51.00000, -4.59134e-06
51.20000, 2.13461e-06
51.40000, -1.29874e-06
51.60000, 1.81606e-06
51.80000, -3.89508e-06
52.00000, 8.06305e-06
52.20000, -1.49904e-05
52.40000, 2.59875e-05
52.60000, -4.37510e-05
52.80000, 7.10175e-05
53.00000, -1.05524e-04
53.20000, 1.35647e-04
53.40000, -1.45517e-04
53.60000, 1.30290e-04
53.80000, -1.06904e-04
54.00000, 1.04874e-04
54.20000, -1.41817e-04
54.40000, 2.05615e-04
54.60000, -2.58429e-04
54.80000, 2.57528e-04
55.00000, -1.76709e-04
55.20000, 1.81483e-05
55.40000, 1.84611e-04
55.60000, -3.72422e-04
55.80000, 4.81824e-04
56.00000, -4.79012e-04
56.20000, 3.81675e-04
56.40000, -2.45854e-04
56.60000, 1.27698e-04
56.80000, -5.21866e-05
57.00000, 7.19081e-06
57.20000, 4.24674e-05
57.40000, -1.31475e-04
57.60000, 2.67626e-04
57.80000, -4.16195e-04
58.00000, 5.14641e-04
58.20000, -5.16002e-04
58.40000, 4.25068e-04
58.60000, -2.91778e-04
58.80000, 1.69156e-04
59.00000, -7.73212e-05
59.20000, 3.24935e-06
59.40000, 7.08343e-05
59.60000, -1.40867e-04
59.80000, 1.81521e-04
60.00000, -1.72299e-04
60.20000, 1.21212e-04
60.40000, -6.08315e-05
60.60000, 2.21074e-05
60.80000, -1.33928e-05
61.00000, 2.17286e-05
61.20000, -2.90653e-05
61.40000, 2.61772e-05
61.60000, -1.52084e-05
61.80000, 3.53793e-06
62.00000, 3.40497e-06
62.20000, -4.96634e-06
62.40000, 3.55209e-06
62.60000, -1.66679e-06
62.80000, 4.62040e-07
63.00000, 1.81151e-08
63.20000, -9.71641e-08
63.40000, 3.96824e-08
63.60000, 2.54381e-08
63.80000, -5.61764e-08
64.00000, 5.10776e-08
64.20000, -2.48179e-08
64.40000, -5.30268e-09
64.60000, 2.76876e-08
64.80000, -3.94916e-08
65.00000, 4.49499e-08
65.20000, -5.31275e-08
65.40000, 7.91122e-08
65.60000, -1.43242e-07
65.80000, 2.49944e-07
66.00000, -3.39127e-07
66.20000, 2.59878e-07
66.40000, 1.45142e-07
66.60000, -8.56028e-07
66.80000, 1.58655e-06
67.00000, -1.95978e-06
67.20000, 1.81240e-06
67.40000, -1.30483e-06
67.60000, 7.42309e-07
67.80000, -3.35128e-07
68.00000, 1.20976e-07
68.20000, -3.81648e-08
68.40000, 1.69425e-08
68.60000, -1.65576e-08
68.80000, 2.09143e-08
69.00000, -2.51881e-08
69.20000, 2.77966e-08
69.40000, -2.78526e-08
69.60000, 2.51237e-08
69.80000, -2.04549e-08
70.00000, 1.55779e-08
70.20000, -1.21275e-08
70.40000, 1.05881e-08
70.60000, -1.00804e-08
70.80000, 9.16386e-09
71.00000, -7.00996e-09
71.20000, 4.01076e-09
71.40000, -1.33418e-09
71.60000, -7.81057e-11
71.80000, 6.66294e-11
72.00000, 9.72027e-10
72.20000, -2.53498e-09
72.40000, 4.16797e-09
72.60000, -5.41651e-09
72.80000, 5.87941e-09
73.00000, -5.40170e-09
73.20000, 4.19598e-09
73.40000, -2.71982e-09
73.60000, 1.36342e-09
73.80000, -1.70708e-10
74.00000, -1.25519e-09
74.20000, 3.69293e-09
74.40000, -8.12766e-09
74.60000, 1.53886e-08
74.80000, -2.56028e-08
75.00000, 3.77179e-08
75.20000, -4.94501e-08
75.40000, 5.77839e-08
75.60000, -5.98413e-08
75.80000, 5.39399e-08
76.00000, -4.07338e-08
76.20000, 2.38892e-08
76.40000, -9.33326e-09
76.60000, 2.74360e-09
76.80000, -6.44252e-09
77.00000, 1.78017e-08
77.20000, -3.04808e-08
77.40000, 3.78244e-08
77.60000, -3.63469e-08
77.80000, 2.72314e-08
78.00000, -1.49448e-08
78.20000, 4.15005e-09
78.40000, 2.63138e-09
78.60000, -5.34801e-09
78.80000, 5.43732e-09
79.00000, -4.61161e-09
79.20000, 3.96811e-09
79.40000, -3.75645e-09
79.60000, 3.78820e-09
79.80000, -3.92995e-09
80.00000, 4.16343e-09
80.20000, -4.29440e-09
80.40000, 3.76419e-09
80.60000, -1.87605e-09
80.80000, -1.62475e-09
81.00000, 6.03015e-09
81.20000, -9.76014e-09
81.40000, 1.13087e-08
81.60000, -1.05799e-08
81.80000, 9.56689e-09
82.00000, -1.14958e-08
82.20000, 1.86421e-08
82.40000, -3.03276e-08
82.60000, 4.27422e-08
82.80000, -5.07943e-08
83.00000, 5.06355e-08
83.20000, -4.13708e-08
83.40000, 2.54008e-08
83.60000, -7.49428e-09
83.80000, -7.12412e-09
84.00000, 1.49997e-08
84.20000, -1.58653e-08
84.40000, 1.23314e-08
84.60000, -7.91484e-09
84.80000, 4.80786e-09
85.00000, -3.23251e-09
85.20000, 2.66016e-09
85.40000, -3.11009e-09
85.60000, 4.96295e-09
85.80000, -7.84075e-09
86.00000, 1.01818e-08
86.20000, -1.01464e-08
86.40000, 6.97865e-09
86.60000, -1.49008e-09
86.80000, -4.72905e-09
87.00000, 1.03214e-08
87.20000, -1.42056e-08
87.40000, 1.50185e-08
87.60000, -1.12881e-08
87.80000, 2.50006e-09
88.00000, 1.00427e-08
88.20000, -2.32065e-08
88.40000, 3.30327e-08
88.60000, -3.75824e-08
88.80000, 4.11436e-08
89.00000, -5.49863e-08
89.20000, 9.18288e-08
89.40000, -1.70954e-07
89.60000, 3.76079e-07
89.80000, -9.84544e-07
90.00000, 2.53046e-06
90.20000, -5.37529e-06
90.40000, 8.33095e-06
90.60000, -6.90483e-06
90.80000, -6.40591e-06
91.00000, 3.74221e-05
91.20000, -8.32808e-05
91.40000, 1.30090e-04
91.60000, -1.59747e-04
91.80000, 1.61266e-04
92.00000, -1.36966e-04
92.20000, 9.91843e-05
92.40000, -6.17517e-05
92.60000, 3.32735e-05
92.80000, -1.56587e-05
93.00000, 6.56188e-06
93.20000, -2.55436e-06
93.40000, 9.88265e-07
93.60000, -3.93735e-07
93.80000, 1.45310e-07
94.00000, -3.25863e-08
94.20000, -1.22046e-08
94.40000, 2.45953e-08
94.60000, -2.99895e-08
94.80000, 4.06304e-08
95.00000, -5.56530e-08
95.20000, 6.73876e-08
95.40000, -6.89074e-08
95.60000, 5.87051e-08
95.80000, -4.09872e-08
96.00000, 2.25661e-08
96.20000, -9.02499e-09
96.40000, 2.35425e-09
96.60000, -6.84048e-10
96.80000, 1.13539e-10
97.00000, 2.09548e-09
97.20000, -5.42696e-09
97.40000, 7.31782e-09
97.60000, -6.32717e-09
97.80000, 3.68318e-09
98.00000, -1.86548e-09
98.20000, 2.23258e-09
98.40000, -4.07938e-09
98.60000, 5.58834e-09
98.80000, -5.57310e-09
99.00000, 4.58759e-09
99.20000, -4.52752e-09
99.40000, 6.97772e-09
99.60000, -1.16498e-08
99.80000, 1.62951e-08
100.00000, -1.82357e-08
