# Frequency (THz), VDOS (THz^-1)
0.00000, -6.80838e-05
0.20000, 6.68706e-05
0.40000, -6.06107e-05
0.60000, 4.64861e-05
0.80000, -2.87599e-05
1.00000, 1.69624e-05
1.20000, -1.69621e-05
1.40000, 2.59977e-05
1.60000, -3.62018e-05
1.80000, 4.11336e-05
2.00000, -3.90574e-05
2.20000, 3.21774e-05
2.40000, -2.43611e-05
2.60000, 1.92023e-05
2.80000, -1.86454e-05
3.00000, 2.20969e-05
3.20000, -2.66221e-05
3.40000, 2.87158e-05
3.60000, -2.66854e-05
3.80000, 2.17533e-05
4.00000, -1.71445e-05
4.20000, 1.61041e-05
4.40000, -1.97487e-05
4.60000, 2.51823e-05
4.80000, -2.55120e-05
5.00000, 1.38628e-05
5.20000, 1.01803e-05
5.40000, -3.76077e-05
5.60000, 5.45875e-05
5.80000, -5.16228e-05
6.00000, 2.98911e-05
6.20000, 3.02343e-08
6.40000, -2.55322e-05
6.60000, 3.92478e-05
6.80000, -4.08025e-05
7.00000, 3.34248e-05
7.20000, -2.04546e-05
7.40000, 4.79883e-06
7.60000, 1.04921e-05
7.80000, -2.27897e-05
8.00000, 3.07354e-05
8.20000, -3.39793e-05
8.40000, 3.26003e-05
8.60000, -2.73287e-05
8.80000, 1.99220e-05
9.00000, -1.26150e-05
9.20000, 6.90797e-06
9.40000, -2.84027e-06
9.60000, -5.53682e-07
9.80000, 4.02602e-06
10.00000, -7.34945e-06
10.20000, 9.75234e-06
10.40000, -1.08182e-05
10.60000, 1.04871e-05
10.80000, -8.23923e-06
11.00000, 3.22833e-06
11.20000, 3.97742e-06
11.40000, -1.04307e-05
11.60000, 1.29274e-05
11.80000, -1.12126e-05
12.00000, 8.08915e-06
12.20000, -6.22018e-06
12.40000, 5.76536e-06
12.60000, -5.34171e-06
12.80000, 4.29818e-06
13.00000, -3.43656e-06
13.20000, 3.95860e-06
13.40000, -6.19826e-06
13.60000, 9.28580e-06
13.80000, -1.18438e-05
14.00000, 1.30119e-05
14.20000, -1.28681e-05
14.40000, 1.21656e-05
14.60000, -1.22637e-05
14.80000, 1.52966e-05
15.00000, -2.30765e-05
15.20000, 3.44410e-05
15.40000, -4.38083e-05
15.60000, 4.30928e-05
15.80000, -2.49395e-05
16.00000, -1.51676e-05
16.20000, 7.61398e-05
16.40000, -1.46395e-04
16.60000, 2.02550e-04
16.80000, -2.19498e-04
17.00000, 1.88425e-04
17.20000, -1.26155e-04
17.40000, 6.40405e-05
17.60000, -2.58147e-05
17.80000, 1.52042e-05
18.00000, -2.09744e-05
18.20000, 2.90124e-05
18.40000, -3.03924e-05
18.60000, 2.40901e-05
18.80000, -1.59011e-05
19.00000, 1.29881e-05
19.20000, -1.66719e-05
19.40000, 2.03991e-05
19.60000, -1.54902e-05
19.80000, -1.05615e-06
20.00000, 2.35708e-05
20.20000, -4.08428e-05
20.40000, 4.24249e-05
20.60000, -2.46027e-05
20.80000, -6.85858e-06
21.00000, 3.88572e-05
21.20000, -5.71450e-05
21.40000, 5.32352e-05
21.60000, -2.82249e-05
21.80000, -8.20752e-06
22.00000, 4.18387e-05
22.20000, -5.77748e-05
22.40000, 4.45061e-05
22.60000, -9.68108e-07
22.80000, -5.74503e-05
23.00000, 1.05286e-04
23.20000, -1.26523e-04
23.40000, 1.28212e-04
23.60000, -1.31580e-04
23.80000, 1.50061e-04
24.00000, -1.77251e-04
24.20000, 1.93585e-04
24.40000, -1.82521e-04
24.60000, 1.43427e-04
24.80000, -9.25153e-05
25.00000, 5.04901e-05
25.20000, -2.69934e-05
25.40000, 1.66653e-05
25.60000, -9.30153e-06
25.80000, 1.04320e-06
26.00000, 4.94628e-06
26.20000, -5.39696e-06
26.40000, 1.26957e-06
26.60000, 4.36159e-06
26.80000, -1.02189e-05
27.00000, 1.70699e-05
27.20000, -2.44694e-05
27.40000, 2.92759e-05
27.60000, -3.04695e-05
27.80000, 3.70961e-05
28.00000, -6.80062e-05
28.20000, 1.35935e-04
28.40000, -2.27217e-04
28.60000, 3.01453e-04
28.80000, -3.19039e-04
29.00000, 2.71952e-04
29.20000, -1.86912e-04
29.40000, 1.00708e-04
29.60000, -3.46262e-05
29.80000, -1.20946e-05
30.00000, 5.28513e-05
30.20000, -1.00875e-04
30.40000, 1.61626e-04
30.60000, -2.34424e-04
30.80000, 3.21507e-04
31.00000, -4.32002e-04
31.20000, 5.67674e-04
31.40000, -7.00675e-04
31.60000, 7.75493e-04
31.80000, -7.47327e-04
32.00000, 6.21859e-04
32.20000, -4.52557e-04
32.40000, 2.98805e-04
32.60000, -1.89092e-04
32.80000, 1.17969e-04
33.00000, -6.27640e-05
33.20000, -7.14775e-06
33.40000, 1.29958e-04
33.60000, -3.37484e-04
33.80000, 6.19522e-04
34.00000, -8.98089e-04
34.20000, 1.05462e-03
34.40000, -1.00671e-03
34.60000, 7.71443e-04
34.80000, -4.55069e-04
35.00000, 1.78784e-04
35.20000, -8.13030e-06
35.40000, -6.14989e-05
35.60000, 7.08494e-05
35.80000, -5.77085e-05
36.00000, 4.18792e-05
36.20000, -3.06620e-05
36.40000, 2.76664e-05
36.60000, -3.57865e-05
36.80000, 5.54142e-05
37.00000, -8.16465e-05
37.20000, 1.03728e-04
37.40000, -1.09313e-04
37.60000, 9.25799e-05
37.80000, -5.95895e-05
38.00000, 2.42846e-05
38.20000, 2.43073e-06
38.40000, -1.98956e-05
38.60000, 3.45392e-05
38.80000, -5.23528e-05
39.00000, 7.90050e-05
39.20000, -1.30120e-04
39.40000, 2.36514e-04
39.60000, -4.23537e-04
39.80000, 6.67878e-04
40.00000, -8.75699e-04
40.20000, 9.28352e-04
40.40000, -7.75039e-04
40.60000, 4.83324e-04
40.80000, -1.89760e-04
41.00000, -2.72193e-07
41.20000, 6.80171e-05
41.40000, -6.09701e-05
41.60000, 4.22153e-05
41.80000, -5.72136e-05
42.00000, 1.23112e-04
42.20000, -2.24829e-04
42.40000, 3.15945e-04
42.60000, -3.38364e-04
42.80000, 2.62441e-04
43.00000, -1.16732e-04
43.20000, -2.82790e-05
43.40000, 1.12917e-04
43.60000, -1.26544e-04
43.80000, 9.96015e-05
44.00000, -6.84451e-05
44.20000, 4.84761e-05
44.40000, -2.96898e-05
44.60000, -1.02238e-05
44.80000, 8.40546e-05
45.00000, -1.77630e-04
45.20000, 2.53097e-04
45.40000, -2.74992e-04
45.60000, 2.37002e-04
45.80000, -1.64333e-04
46.00000, 9.20384e-05
46.20000, -4.21353e-05
46.40000, 1.72684e-05
46.60000, -9.03265e-06
46.80000, 8.69227e-06
47.00000, -1.18990e-05
47.20000, 1.72342e-05
47.40000, -2.30290e-05
47.60000, 2.64449e-05
47.80000, -2.52952e-05
48.00000, 2.00700e-05
48.20000, -1.37560e-05
48.40000, 9.62679e-06
48.60000, -9.04667e-06
48.80000, 1.08711e-05
49.00000, -1.25659e-05
49.20000, 1.21334e-05
49.40000, -9.47206e-06
49.60000, 6.11870e-06
49.80000, -3.70136e-06
50.00000, 2.67096e-06
50.20000, -2.39901e-06
50.40000, 2.13124e-06
50.60000, -1.62162e-06
50.80000, 1.03708e-06
51.00000, -5.82474e-07
51.20000, 3.15698e-07
51.40000, -1.97968e-07
51.60000, 2.00464e-07
51.80000, -3.43709e-07
52.00000, 6.50142e-07
52.20000, -1.04892e-06
52.40000, 1.32680e-06
52.60000, -1.23340e-06
52.80000, 7.10879e-07
53.00000, -1.25673e-08
53.20000, -4.81971e-07
53.40000, 5.96276e-07
53.60000, -4.61211e-07
53.80000, 2.93189e-07
54.00000, -1.39689e-07
54.20000, -1.15719e-07
54.40000, 5.08248e-07
54.60000, -7.15060e-07
54.80000, -5.61084e-08
55.00000, 2.82424e-06
55.20000, -8.12241e-06
55.40000, 1.51148e-05
55.60000, -2.13839e-05
55.80000, 2.40389e-05
56.00000, -2.15960e-05
56.20000, 1.50844e-05
56.40000, -7.38389e-06
56.60000, 1.37567e-06
56.80000, 1.61797e-06
57.00000, -2.11718e-06
57.20000, 1.62380e-06
57.40000, -1.46246e-06
57.60000, 2.09321e-06
57.80000, -3.13794e-06
58.00000, 3.89933e-06
58.20000, -3.93987e-06
58.40000, 3.28214e-06
58.60000, -2.01194e-06
58.80000, -4.66184e-07
59.00000, 5.73511e-06
59.20000, -1.53408e-05
59.40000, 2.85765e-05
59.60000, -4.11031e-05
59.80000, 4.68044e-05
60.00000, -4.22689e-05
60.20000, 2.97380e-05
60.40000, -1.53716e-05
60.60000, 4.64555e-06
60.80000, 6.54453e-07
61.00000, -1.91475e-06
61.20000, 1.40741e-06
61.40000, -6.61763e-07
61.60000, 2.07307e-07
61.80000, -2.46091e-08
62.00000, -2.69648e-08
62.20000, 3.64732e-08
62.40000, -3.45770e-08
62.60000, 2.77461e-08
62.80000, -1.86280e-08
63.00000, 1.00462e-08
63.20000, -3.79222e-09
63.40000, 2.93212e-10
63.60000, 6.83855e-10
63.80000, 4.06721e-10
64.00000, -2.76578e-09
64.20000, 5.19102e-09
64.40000, -6.58263e-09
64.60000, 6.66470e-09
64.80000, -6.11599e-09
65.00000, 5.88113e-09
65.20000, -6.31852e-09
65.40000, 6.92522e-09
65.60000, -6.73792e-09
65.80000, 5.02398e-09
66.00000, -1.82235e-09
66.20000, -1.99058e-09
66.40000, 5.16578e-09
66.60000, -6.75135e-09
66.80000, 6.52633e-09
67.00000, -5.00345e-09
67.20000, 3.06275e-09
67.40000, -1.41884e-09
67.60000, 2.59686e-10
67.80000, 6.48543e-10
68.00000, -1.50135e-09
68.20000, 2.12985e-09
68.40000, -2.13723e-09
68.60000, 1.30937e-09
68.80000, 1.31321e-10
69.00000, -1.62681e-09
69.20000, 2.60283e-09
69.40000, -2.76354e-09
69.60000, 2.19430e-09
69.80000, -1.22550e-09
70.00000, 1.63794e-10
70.20000, 8.77801e-10
70.40000, -1.91118e-09
70.60000, 2.89587e-09
70.80000, -3.69007e-09
71.00000, 4.16393e-09
71.20000, -4.29257e-09
71.40000, 4.09908e-09
71.60000, -3.53406e-09
71.80000, 2.47519e-09
72.00000, -8.98386e-10
72.20000, -9.53685e-10
72.40000, 2.63282e-09
72.60000, -3.75939e-09
72.80000, 4.22438e-09
73.00000, -4.11949e-09
73.20000, 3.54367e-09
73.40000, -2.56749e-09
73.60000, 1.37757e-09
73.80000, -3.40609e-10
74.00000, -1.92844e-10
74.20000, 1.80198e-10
74.40000, 5.29458e-11
74.60000, -7.26520e-11
74.80000, -3.36629e-10
75.00000, 1.06324e-09
75.20000, -1.80589e-09
75.40000, 2.28956e-09
75.60000, -2.40728e-09
75.80000, 2.23237e-09
76.00000, -1.92143e-09
76.20000, 1.59141e-09
76.40000, -1.27368e-09
76.60000, 9.72351e-10
76.80000, -7.44862e-10
77.00000, 7.05294e-10
77.20000, -9.40702e-10
77.40000, 1.42550e-09
77.60000, -2.02693e-09
77.80000, 2.60696e-09
78.00000, -3.12071e-09
78.20000, 3.60297e-09
78.40000, -4.05226e-09
78.60000, 4.34683e-09
78.80000, -4.31190e-09
79.00000, 3.89325e-09
79.20000, -3.24971e-09
79.40000, 2.64499e-09
79.60000, -2.24343e-09
79.80000, 2.00754e-09
80.00000, -1.75300e-09
80.20000, 1.27314e-09
80.40000, -4.64443e-10
80.60000, -5.78308e-10
80.80000, 1.56810e-09
81.00000, -2.17327e-09
81.20000, 2.20841e-09
81.40000, -1.72296e-09
81.60000, 9.51956e-10
81.80000, -1.87097e-10
82.00000, -3.68629e-10
82.20000, 6.93886e-10
82.40000, -9.17127e-10
82.60000, 1.16988e-09
82.80000, -1.45043e-09
83.00000, 1.62732e-09
83.20000, -1.57877e-09
83.40000, 1.32808e-09
83.60000, -1.04002e-09
83.80000, 8.84714e-10
84.00000, -9.01607e-10
84.20000, 9.80526e-10
84.40000, -9.56137e-10
84.60000, 7.20470e-10
84.80000, -2.72497e-10
85.00000, -3.04011e-10
85.20000, 8.98229e-10
85.40000, -1.42773e-09
85.60000, 1.86047e-09
85.80000, -2.18832e-09
86.00000, 2.38344e-09
86.20000, -2.40157e-09
86.40000, 2.24481e-09
86.60000, -2.00552e-09
86.80000, 1.81121e-09
87.00000, -1.70633e-09
87.20000, 1.60115e-09
87.40000, -1.36321e-09
87.60000, 9.76744e-10
87.80000, -6.10279e-10
88.00000, 5.04891e-10
88.20000, -7.62573e-10
88.40000, 1.21844e-09
88.60000, -1.52062e-09
88.80000, 1.37078e-09
89.00000, -7.45886e-10
89.20000, -5.27618e-11
89.40000, 4.65405e-10
89.60000, 4.57000e-10
89.80000, -4.53108e-09
90.00000, 1.42114e-08
90.20000, -2.87070e-08
90.40000, 3.43545e-08
90.60000, 4.29996e-09
90.80000, -1.34628e-07
91.00000, 3.76080e-07
91.20000, -6.76414e-07
91.40000, 9.18151e-07
91.60000, -9.91760e-07
91.80000, 8.74627e-07
92.00000, -6.39679e-07
92.20000, 3.92531e-07
92.40000, -2.04254e-07
92.60000, 9.12810e-08
92.80000, -3.57754e-08
93.00000, 1.27809e-08
93.20000, -4.34082e-09
93.40000, 1.20897e-09
93.60000, 2.60938e-10
93.80000, -1.14556e-09
94.00000, 1.65121e-09
94.20000, -1.80459e-09
94.40000, 1.64660e-09
94.60000, -1.25107e-09
94.80000, 7.10310e-10
95.00000, -1.24198e-10
95.20000, -4.10774e-10
95.40000, 8.16500e-10
95.60000, -1.04881e-09
95.80000, 1.10696e-09
96.00000, -1.02840e-09
96.20000, 8.64038e-10
96.40000, -6.48136e-10
96.60000, 3.90237e-10
96.80000, -9.46038e-11
97.00000, -2.20270e-10
97.20000, 5.23716e-10
97.40000, -7.83935e-10
97.60000, 9.68576e-10
97.80000, -1.04042e-09
98.00000, 9.65913e-10
98.20000, -7.38221e-10
98.40000, 3.98044e-10
98.60000, -3.30711e-11
98.80000, -2.50901e-10
99.00000, 3.74328e-10
99.20000, -3.17159e-10
99.40000, 1.22674e-10
99.60000, 1.23492e-10
99.80000, -3.23776e-10
100.00000, 4.00497e-10
