# Time(ps) Norm. Int.(No Units) 
0.000000 1.000000 
0.005000 0.516149 
0.010000 -0.035789 
0.015000 -0.035697 
0.020000 0.120731 
0.025000 -0.012030 
0.030000 -0.028030 
0.035000 0.060716 
0.040000 0.004322 
0.045000 0.053672 
0.050000 0.155812 
0.055000 0.111695 
0.060000 -0.079932 
0.065000 0.008242 
0.070000 0.059563 
0.075000 0.032306 
0.080000 0.023867 
0.085000 0.100555 
0.090000 0.047984 
0.095000 -0.001602 
0.100000 0.067086 
0.105000 0.021330 
0.110000 -0.050547 
0.115000 -0.056037 
0.120000 0.066770 
0.125000 0.021105 
0.130000 -0.017421 
0.135000 -0.034835 
0.140000 0.045226 
0.145000 0.073986 
0.150000 0.036701 
0.155000 -0.012549 
0.160000 -0.007415 
0.165000 0.061568 
0.170000 0.012439 
0.175000 -0.001242 
0.180000 -0.015167 
0.185000 0.018924 
0.190000 -0.036942 
0.195000 -0.013254 
0.200000 -0.006185 
0.205000 -0.024690 
0.210000 -0.058418 
0.215000 -0.064938 
0.220000 -0.034258 
0.225000 -0.016605 
0.230000 0.067200 
0.235000 0.058078 
0.240000 0.039714 
0.245000 -0.032437 
0.250000 -0.024114 
0.255000 -0.024804 
0.260000 0.022796 
0.265000 0.015511 
0.270000 -0.056269 
0.275000 -0.082484 
0.280000 -0.012282 
0.285000 0.109942 
0.290000 0.087171 
0.295000 0.054827 
0.300000 0.007827 
0.305000 0.021453 
0.310000 -0.013767 
0.315000 0.021459 
0.320000 0.034612 
0.325000 -0.018106 
0.330000 -0.071167 
0.335000 -0.016376 
0.340000 0.076446 
0.345000 0.012160 
0.350000 -0.030081 
0.355000 -0.013307 
0.360000 0.042499 
0.365000 -0.013655 
0.370000 0.000188 
0.375000 0.031482 
0.380000 0.045856 
0.385000 0.043269 
0.390000 0.053638 
0.395000 0.020902 
0.400000 -0.056976 
0.405000 -0.021374 
0.410000 0.010541 
0.415000 0.029672 
0.420000 0.012922 
0.425000 0.045075 
0.430000 -0.010096 
0.435000 -0.041394 
0.440000 -0.007686 
0.445000 0.018937 
0.450000 -0.012680 
0.455000 0.002607 
0.460000 0.110278 
0.465000 0.089429 
0.470000 -0.012666 
0.475000 -0.081058 
0.480000 -0.005327 
0.485000 0.013047 
0.490000 -0.008083 
0.495000 -0.013895 
0.500000 0.035714 
0.505000 0.040103 
0.510000 -0.007840 
0.515000 -0.011200 
0.520000 -0.000164 
0.525000 0.033619 
0.530000 0.034949 
0.535000 0.050633 
0.540000 0.009200 
0.545000 0.012378 
0.550000 0.017849 
0.555000 -0.017647 
0.560000 -0.075800 
0.565000 -0.033337 
0.570000 0.050953 
0.575000 0.023482 
0.580000 -0.004355 
0.585000 0.014409 
0.590000 0.036044 
0.595000 -0.020266 
0.600000 -0.007552 
0.605000 0.001597 
0.610000 -0.034657 
0.615000 -0.054944 
0.620000 0.014523 
0.625000 0.067288 
0.630000 0.040755 
0.635000 0.021375 
0.640000 -0.008219 
0.645000 -0.010305 
0.650000 0.002836 
0.655000 0.038666 
0.660000 0.007418 
0.665000 -0.011375 
0.670000 -0.010380 
0.675000 -0.006539 
0.680000 -0.007369 
0.685000 -0.003313 
0.690000 0.002511 
0.695000 0.003238 
0.700000 0.039893 
0.705000 0.018156 
0.710000 -0.019829 
0.715000 -0.025312 
0.720000 0.010417 
0.725000 -0.004169 
0.730000 0.004476 
0.735000 0.042551 
0.740000 0.013536 
0.745000 -0.045819 
0.750000 -0.034673 
0.755000 0.021027 
0.760000 0.006425 
0.765000 0.016701 
0.770000 0.039602 
0.775000 0.014536 
0.780000 -0.041987 
0.785000 -0.007763 
0.790000 0.039726 
0.795000 0.012420 
0.800000 -0.023312 
0.805000 -0.026138 
0.810000 -0.018664 
0.815000 -0.025217 
0.820000 0.002115 
0.825000 0.003276 
0.830000 -0.004082 
0.835000 0.005450 
0.840000 0.034529 
0.845000 0.013904 
0.850000 -0.029393 
0.855000 -0.025467 
0.860000 0.007442 
0.865000 0.018159 
0.870000 -0.015151 
0.875000 -0.013628 
0.880000 0.008093 
0.885000 0.017222 
0.890000 -0.009574 
0.895000 -0.010038 
0.900000 -0.002931 
0.905000 -0.016187 
0.910000 -0.016090 
0.915000 0.012012 
0.920000 0.024899 
0.925000 -0.009255 
0.930000 -0.016153 
0.935000 -0.001698 
0.940000 0.019456 
0.945000 0.024121 
0.950000 0.019767 
0.955000 -0.012230 
0.960000 -0.029704 
0.965000 -0.010658 
0.970000 -0.003326 
0.975000 -0.006159 
0.980000 0.002320 
0.985000 0.017772 
0.990000 -0.002508 
0.995000 -0.002227 
1.000000 0.003960 
1.005000 -0.016684 
1.010000 -0.030980 
1.015000 0.019932 
1.020000 0.060018 
1.025000 0.016292 
1.030000 -0.030368 
1.035000 -0.036186 
1.040000 -0.020949 
1.045000 -0.008451 
1.050000 0.023889 
1.055000 0.014296 
1.060000 -0.020205 
1.065000 -0.013025 
1.070000 0.025427 
1.075000 0.018823 
1.080000 -0.011340 
1.085000 0.006877 
1.090000 0.026418 
1.095000 0.017653 
1.100000 -0.007418 
1.105000 -0.011452 
1.110000 -0.014538 
1.115000 0.009230 
1.120000 0.037110 
1.125000 0.023083 
1.130000 -0.018309 
1.135000 -0.024853 
1.140000 0.006717 
1.145000 0.006590 
1.150000 -0.007654 
1.155000 -0.007679 
1.160000 0.020197 
1.165000 0.021907 
1.170000 0.002219 
1.175000 -0.015800 
1.180000 -0.008397 
1.185000 -0.001282 
1.190000 -0.012977 
1.195000 -0.006258 
1.200000 0.009516 
1.205000 0.002732 
1.210000 -0.032613 
1.215000 -0.016205 
1.220000 0.019293 
1.225000 0.020313 
1.230000 -0.000724 
1.235000 0.011007 
1.240000 0.014031 
1.245000 -0.016798 
1.250000 -0.017867 
1.255000 0.001614 
1.260000 -0.001888 
1.265000 -0.023086 
1.270000 0.000958 
1.275000 0.014147 
1.280000 0.001341 
1.285000 -0.009200 
1.290000 -0.004426 
1.295000 -0.009569 
1.300000 0.002002 
1.305000 0.026555 
1.310000 -0.006307 
1.315000 -0.041283 
1.320000 -0.004593 
1.325000 0.057446 
1.330000 0.027006 
1.335000 -0.017006 
1.340000 -0.008793 
1.345000 0.002247 
1.350000 -0.024312 
1.355000 -0.021046 
1.360000 0.018882 
1.365000 0.022764 
1.370000 0.009211 
1.375000 0.001880 
1.380000 0.000691 
1.385000 -0.016981 
1.390000 -0.005825 
1.395000 0.008321 
1.400000 0.008772 
1.405000 0.000871 
1.410000 -0.001369 
1.415000 -0.008624 
1.420000 -0.014041 
1.425000 0.004470 
1.430000 0.004619 
1.435000 -0.007926 
1.440000 -0.015058 
1.445000 0.005598 
1.450000 0.005554 
1.455000 0.000182 
1.460000 0.006656 
1.465000 0.019563 
1.470000 0.011651 
1.475000 -0.008237 
1.480000 -0.005226 
1.485000 0.003433 
1.490000 0.009414 
1.495000 -0.004992 
1.500000 -0.005413 
1.505000 -0.003699 
1.510000 0.003972 
1.515000 0.002998 
1.520000 0.007157 
1.525000 0.010233 
1.530000 0.004250 
1.535000 -0.001227 
1.540000 -0.008355 
1.545000 -0.002125 
1.550000 0.001380 
1.555000 0.015296 
1.560000 0.014359 
1.565000 0.010227 
1.570000 -0.004309 
1.575000 -0.008460 
1.580000 -0.000427 
1.585000 0.012294 
1.590000 0.013185 
1.595000 -0.004352 
1.600000 -0.007103 
1.605000 -0.006021 
1.610000 0.001648 
1.615000 0.004005 
1.620000 0.021568 
1.625000 0.019225 
1.630000 0.003062 
1.635000 -0.007550 
1.640000 -0.001996 
1.645000 -0.001090 
1.650000 -0.009515 
1.655000 -0.000806 
1.660000 0.006619 
1.665000 0.012022 
1.670000 0.000329 
1.675000 -0.003557 
1.680000 -0.005453 
1.685000 0.008933 
1.690000 0.009760 
1.695000 -0.009245 
1.700000 -0.023078 
1.705000 -0.011716 
1.710000 0.011932 
1.715000 0.015886 
1.720000 0.016074 
1.725000 -0.000495 
1.730000 -0.013409 
1.735000 -0.019302 
1.740000 -0.001928 
1.745000 0.008343 
1.750000 0.013233 
1.755000 0.012033 
1.760000 0.002662 
1.765000 -0.002682 
1.770000 -0.005569 
1.775000 -0.005840 
1.780000 -0.010019 
1.785000 0.016333 
1.790000 0.027775 
1.795000 0.002400 
1.800000 -0.029148 
1.805000 -0.009659 
1.810000 0.015120 
1.815000 0.010010 
1.820000 0.006603 
1.825000 0.006923 
1.830000 -0.006340 
1.835000 -0.022961 
1.840000 -0.001333 
1.845000 0.008514 
1.850000 0.001974 
1.855000 -0.000164 
1.860000 0.010762 
1.865000 -0.004069 
1.870000 -0.017311 
1.875000 -0.003754 
1.880000 0.003127 
1.885000 -0.000849 
1.890000 0.002115 
1.895000 0.012431 
1.900000 -0.009645 
1.905000 -0.018968 
1.910000 -0.004498 
1.915000 0.011520 
1.920000 0.002668 
1.925000 0.001504 
1.930000 0.005070 
1.935000 -0.007028 
1.940000 -0.015620 
1.945000 -0.011146 
1.950000 0.003434 
1.955000 0.004852 
1.960000 0.010718 
1.965000 0.003216 
1.970000 -0.004394 
1.975000 -0.008532 
1.980000 -0.001145 
1.985000 0.000591 
1.990000 -0.000695 
1.995000 0.001875 
2.000000 -0.002806 
2.005000 -0.003542 
2.010000 -0.004343 
2.015000 0.001077 
2.020000 -0.004954 
2.025000 -0.000962 
2.030000 0.001948 
2.035000 0.004179 
2.040000 0.001247 
2.045000 -0.000421 
2.050000 -0.005722 
2.055000 -0.012197 
2.060000 -0.002510 
2.065000 0.002069 
2.070000 -0.000379 
2.075000 -0.007796 
2.080000 0.002996 
2.085000 0.004241 
2.090000 -0.000659 
2.095000 -0.004790 
2.100000 -0.000505 
2.105000 0.000611 
2.110000 -0.000133 
2.115000 0.004777 
2.120000 -0.000700 
2.125000 -0.004562 
2.130000 -0.005004 
2.135000 0.006075 
2.140000 0.004245 
2.145000 0.002094 
2.150000 -0.002978 
2.155000 -0.004897 
2.160000 -0.004935 
2.165000 -0.000919 
2.170000 0.002645 
2.175000 -0.000507 
2.180000 0.004590 
2.185000 0.003827 
2.190000 -0.000251 
2.195000 -0.010861 
2.200000 -0.006390 
2.205000 -0.000162 
2.210000 0.008983 
2.215000 0.011840 
2.220000 0.004634 
2.225000 -0.008294 
2.230000 -0.015224 
2.235000 -0.007908 
2.240000 -0.004380 
2.245000 0.004620 
2.250000 0.008710 
2.255000 0.008114 
2.260000 -0.005882 
2.265000 -0.008961 
2.270000 -0.005637 
2.275000 -0.001209 
2.280000 0.004072 
2.285000 0.007974 
2.290000 0.004526 
2.295000 -0.007550 
2.300000 -0.004376 
2.305000 -0.000780 
2.310000 0.000899 
2.315000 -0.000863 
2.320000 0.007995 
2.325000 0.004962 
2.330000 -0.006162 
2.335000 -0.007995 
2.340000 0.002005 
2.345000 0.008072 
2.350000 0.002373 
2.355000 0.000517 
2.360000 -0.006526 
2.365000 -0.008401 
2.370000 -0.004238 
2.375000 0.010645 
2.380000 0.011213 
2.385000 0.003273 
2.390000 -0.003859 
2.395000 -0.006367 
2.400000 -0.007760 
2.405000 -0.007096 
2.410000 0.001594 
2.415000 0.004281 
2.420000 0.007024 
2.425000 0.003193 
2.430000 -0.001385 
2.435000 -0.010888 
2.440000 -0.006565 
2.445000 0.003824 
2.450000 0.006837 
2.455000 0.000095 
2.460000 -0.004704 
2.465000 -0.002085 
2.470000 -0.003728 
2.475000 -0.000953 
2.480000 0.000804 
2.485000 0.002610 
2.490000 -0.005650 
2.495000 -0.008312 
2.500000 -0.005858 
2.505000 0.000696 
2.510000 0.003047 
2.515000 0.001301 
2.520000 0.001105 
2.525000 -0.000162 
2.530000 0.000290 
2.535000 -0.003700 
2.540000 -0.000773 
2.545000 0.000455 
2.550000 0.001163 
2.555000 -0.003038 
2.560000 -0.001546 
2.565000 0.000256 
2.570000 -0.000493 
2.575000 0.000184 
2.580000 0.001560 
2.585000 0.001889 
2.590000 -0.005012 
2.595000 -0.005555 
2.600000 -0.003204 
2.605000 0.004283 
2.610000 0.005645 
2.615000 0.003540 
2.620000 -0.003171 
2.625000 -0.004712 
2.630000 -0.000099 
2.635000 0.001636 
2.640000 -0.000273 
2.645000 -0.003716 
2.650000 -0.000893 
2.655000 -0.001978 
2.660000 -0.000560 
2.665000 0.001198 
2.670000 0.005360 
2.675000 0.003044 
2.680000 0.001055 
2.685000 0.001497 
2.690000 -0.000062 
2.695000 -0.003407 
2.700000 -0.004354 
2.705000 0.002809 
2.710000 0.004685 
2.715000 0.003264 
2.720000 -0.001097 
2.725000 -0.000449 
2.730000 -0.001665 
2.735000 -0.000848 
2.740000 0.000920 
2.745000 0.001552 
2.750000 0.000317 
2.755000 -0.001250 
2.760000 0.001354 
2.765000 0.001649 
2.770000 0.002636 
2.775000 -0.000480 
2.780000 -0.001653 
2.785000 -0.002681 
2.790000 0.000518 
2.795000 0.001736 
2.800000 0.000832 
2.805000 -0.000427 
2.810000 -0.002114 
2.815000 -0.002235 
2.820000 -0.002181 
2.825000 0.001937 
2.830000 0.003067 
2.835000 0.004448 
2.840000 0.002218 
2.845000 -0.000350 
2.850000 -0.004188 
2.855000 -0.003568 
2.860000 0.000003 
2.865000 0.003410 
2.870000 0.007011 
2.875000 0.006359 
2.880000 0.002010 
2.885000 -0.005068 
2.890000 -0.004876 
2.895000 -0.002903 
2.900000 0.001326 
2.905000 0.005736 
2.910000 0.009150 
2.915000 0.004291 
2.920000 -0.003406 
2.925000 -0.004079 
2.930000 -0.001404 
2.935000 0.000449 
2.940000 0.000575 
2.945000 0.004321 
2.950000 0.003645 
2.955000 0.000609 
2.960000 -0.002621 
2.965000 -0.001582 
2.970000 0.000083 
2.975000 0.002570 
2.980000 0.004509 
2.985000 0.002132 
2.990000 -0.002040 
2.995000 -0.005328 
3.000000 -0.002399 
3.005000 0.001747 
3.010000 0.005855 
3.015000 0.004282 
3.020000 0.000629 
3.025000 -0.003232 
3.030000 -0.004245 
3.035000 -0.003135 
3.040000 -0.000655 
3.045000 0.003312 
3.050000 0.005355 
3.055000 0.006234 
3.060000 0.002482 
3.065000 -0.002168 
3.070000 -0.005316 
3.075000 -0.001835 
3.080000 0.001908 
3.085000 0.002767 
3.090000 0.002164 
3.095000 0.001772 
3.100000 0.000196 
3.105000 -0.001680 
3.110000 0.001528 
3.115000 0.003302 
3.120000 0.000574 
3.125000 -0.003495 
3.130000 -0.001074 
3.135000 0.001301 
3.140000 0.000941 
3.145000 0.000976 
3.150000 0.002674 
3.155000 0.002302 
3.160000 0.000258 
3.165000 0.001036 
3.170000 0.000250 
3.175000 -0.001508 
3.180000 -0.001609 
3.185000 0.001536 
3.190000 0.001025 
3.195000 -0.000323 
3.200000 0.001007 
3.205000 0.002586 
3.210000 0.001390 
3.215000 0.000472 
3.220000 0.001568 
3.225000 -0.000526 
3.230000 -0.002442 
3.235000 -0.001085 
3.240000 0.002405 
3.245000 0.002064 
3.250000 0.001224 
3.255000 0.000913 
3.260000 -0.000224 
3.265000 -0.001484 
3.270000 -0.000659 
3.275000 0.000966 
3.280000 -0.000031 
3.285000 -0.000476 
3.290000 -0.000115 
3.295000 0.001308 
3.300000 0.001536 
3.305000 0.001259 
3.310000 -0.000592 
3.315000 -0.001347 
3.320000 0.000020 
3.325000 0.000644 
3.330000 -0.000467 
3.335000 -0.001387 
3.340000 0.000175 
3.345000 0.000996 
3.350000 0.001392 
3.355000 0.000443 
3.360000 -0.000531 
3.365000 -0.000582 
3.370000 0.001556 
3.375000 0.001912 
3.380000 -0.001454 
3.385000 -0.003723 
3.390000 -0.002194 
3.395000 0.001554 
3.400000 0.003541 
3.405000 0.003813 
3.410000 0.000479 
3.415000 -0.003488 
3.420000 -0.004618 
3.425000 -0.002262 
3.430000 -0.000234 
3.435000 0.001028 
3.440000 0.003046 
3.445000 0.003525 
3.450000 0.001573 
3.455000 -0.001893 
3.460000 -0.003406 
3.465000 -0.002965 
3.470000 0.000166 
3.475000 0.002896 
3.480000 0.002718 
3.485000 -0.000410 
3.490000 -0.003144 
3.495000 -0.002975 
3.500000 -0.000733 
3.505000 0.001911 
3.510000 0.001679 
3.515000 -0.000124 
3.520000 -0.001815 
3.525000 -0.001718 
3.530000 -0.001504 
3.535000 -0.000503 
3.540000 0.000834 
3.545000 0.001084 
3.550000 0.000373 
3.555000 -0.000302 
3.560000 -0.000678 
3.565000 -0.002003 
3.570000 -0.001678 
3.575000 -0.000065 
3.580000 0.001248 
3.585000 0.000502 
3.590000 -0.000271 
3.595000 -0.000815 
3.600000 -0.000945 
3.605000 0.000094 
3.610000 0.000944 
3.615000 0.000184 
3.620000 -0.001640 
3.625000 -0.001095 
3.630000 0.000279 
3.635000 0.001141 
3.640000 0.000739 
3.645000 0.000056 
3.650000 -0.001530 
3.655000 -0.002371 
3.660000 -0.000842 
3.665000 0.001155 
3.670000 0.001533 
3.675000 0.000101 
3.680000 -0.000645 
3.685000 -0.001237 
3.690000 -0.001134 
3.695000 -0.000734 
3.700000 0.000558 
3.705000 0.001281 
3.710000 0.000695 
3.715000 -0.001071 
3.720000 -0.002663 
3.725000 -0.002340 
3.730000 -0.000725 
3.735000 0.001838 
3.740000 0.003160 
3.745000 0.002495 
3.750000 -0.000757 
3.755000 -0.003332 
3.760000 -0.003555 
3.765000 -0.001409 
3.770000 0.001382 
3.775000 0.002869 
3.780000 0.001905 
3.785000 -0.000718 
3.790000 -0.001581 
3.795000 -0.001420 
3.800000 -0.001275 
3.805000 -0.001216 
3.810000 0.000484 
3.815000 0.001368 
3.820000 0.000650 
3.825000 -0.000197 
3.830000 -0.000505 
3.835000 -0.000917 
3.840000 -0.000872 
3.845000 0.000703 
3.850000 0.000902 
3.855000 -0.000380 
3.860000 -0.001369 
3.865000 -0.000297 
3.870000 0.000430 
3.875000 0.000324 
3.880000 -0.000277 
3.885000 -0.000641 
3.890000 -0.000217 
3.895000 0.000616 
3.900000 0.001045 
3.905000 -0.000083 
3.910000 -0.001043 
3.915000 -0.001413 
3.920000 -0.000384 
3.925000 0.000724 
3.930000 0.001275 
3.935000 0.000543 
3.940000 -0.000326 
3.945000 -0.000883 
3.950000 -0.001396 
3.955000 -0.000892 
3.960000 0.000226 
3.965000 0.001054 
3.970000 0.000617 
3.975000 0.000613 
3.980000 -0.000050 
3.985000 -0.001249 
3.990000 -0.001423 
3.995000 0.000366 
4.000000 0.001318 
4.005000 0.000340 
4.010000 -0.000557 
4.015000 -0.001309 
4.020000 -0.001755 
4.025000 -0.001046 
4.030000 0.001274 
4.035000 0.001709 
4.040000 0.000293 
4.045000 -0.001005 
4.050000 -0.001146 
4.055000 -0.001176 
4.060000 -0.000583 
4.065000 0.000789 
4.070000 0.001222 
4.075000 0.000757 
4.080000 -0.000136 
4.085000 -0.000681 
4.090000 -0.001246 
4.095000 -0.000602 
4.100000 0.000208 
4.105000 0.000416 
4.110000 0.000025 
4.115000 -0.000110 
4.120000 -0.000142 
4.125000 -0.000118 
4.130000 0.000548 
4.135000 0.000704 
4.140000 0.000202 
4.145000 -0.000730 
4.150000 -0.000873 
4.155000 -0.000677 
4.160000 0.000411 
4.165000 0.001451 
4.170000 0.001158 
4.175000 -0.000426 
4.180000 -0.001479 
4.185000 -0.001138 
4.190000 -0.000495 
4.195000 0.000535 
4.200000 0.001170 
4.205000 0.000997 
4.210000 -0.000101 
4.215000 -0.000454 
4.220000 -0.000607 
4.225000 -0.000924 
4.230000 -0.000599 
4.235000 0.000752 
4.240000 0.001425 
4.245000 0.000268 
4.250000 -0.000889 
4.255000 -0.001177 
4.260000 -0.000523 
4.265000 0.000188 
4.270000 0.000961 
4.275000 0.000708 
4.280000 -0.000141 
4.285000 -0.000619 
4.290000 -0.000265 
4.295000 0.000249 
4.300000 0.000330 
4.305000 0.000281 
4.310000 0.000025 
4.315000 0.000158 
4.320000 0.000214 
4.325000 0.000159 
4.330000 -0.000252 
4.335000 -0.000177 
4.340000 0.000168 
4.345000 0.000417 
4.350000 0.000349 
4.355000 0.000043 
4.360000 -0.000093 
4.365000 -0.000005 
4.370000 0.000388 
4.375000 0.000231 
4.380000 -0.000030 
4.385000 -0.000108 
4.390000 0.000263 
4.395000 0.000421 
4.400000 0.000378 
4.405000 -0.000033 
4.410000 -0.000686 
4.415000 -0.000649 
4.420000 0.000274 
4.425000 0.001098 
4.430000 0.000589 
4.435000 -0.000168 
4.440000 -0.000451 
4.445000 -0.000218 
4.450000 -0.000067 
4.455000 0.000318 
4.460000 0.000654 
4.465000 0.000572 
4.470000 0.000236 
4.475000 -0.000176 
4.480000 -0.000494 
4.485000 -0.000625 
4.490000 0.000052 
4.495000 0.000823 
4.500000 0.001039 
4.505000 0.000409 
4.510000 -0.000274 
4.515000 -0.000676 
4.520000 -0.000523 
4.525000 0.000108 
4.530000 0.000593 
4.535000 0.000573 
4.540000 0.000155 
4.545000 -0.000045 
4.550000 -0.000235 
4.555000 -0.000188 
4.560000 0.000044 
4.565000 0.000379 
4.570000 0.000319 
4.575000 0.000122 
4.580000 0.000055 
4.585000 -0.000003 
4.590000 -0.000057 
4.595000 -0.000047 
4.600000 0.000156 
4.605000 0.000189 
4.610000 0.000214 
4.615000 0.000115 
4.620000 0.000078 
4.625000 0.000080 
4.630000 0.000192 
4.635000 0.000151 
4.640000 0.000001 
4.645000 0.000032 
4.650000 0.000128 
4.655000 0.000230 
4.660000 0.000229 
4.665000 0.000236 
4.670000 -0.000005 
4.675000 -0.000107 
4.680000 0.000078 
4.685000 0.000390 
4.690000 0.000448 
4.695000 0.000330 
4.700000 0.000121 
4.705000 -0.000180 
4.710000 -0.000220 
4.715000 -0.000021 
4.720000 0.000185 
4.725000 0.000169 
4.730000 0.000259 
4.735000 0.000243 
4.740000 0.000049 
4.745000 -0.000096 
4.750000 0.000029 
4.755000 0.000154 
4.760000 0.000166 
4.765000 0.000251 
4.770000 0.000180 
4.775000 -0.000046 
4.780000 -0.000144 
4.785000 0.000107 
4.790000 0.000231 
4.795000 0.000179 
4.800000 0.000125 
4.805000 0.000090 
4.810000 -0.000045 
4.815000 -0.000099 
4.820000 0.000040 
4.825000 0.000126 
4.830000 0.000155 
4.835000 0.000162 
4.840000 0.000174 
4.845000 0.000085 
4.850000 0.000061 
4.855000 0.000066 
4.860000 0.000064 
4.865000 0.000059 
4.870000 0.000072 
4.875000 0.000050 
4.880000 0.000003 
4.885000 0.000036 
4.890000 0.000067 
4.895000 0.000084 
4.900000 0.000065 
4.905000 0.000052 
4.910000 0.000014 
4.915000 0.000024 
4.920000 0.000053 
4.925000 0.000050 
4.930000 0.000036 
4.935000 0.000040 
4.940000 0.000033 
4.945000 -0.000005 
4.950000 0.000005 
4.955000 0.000025 
4.960000 0.000022 
4.965000 0.000007 
4.970000 0.000024 
4.975000 0.000030 
4.980000 0.000014 
4.985000 0.000007 
4.990000 0.000008 
4.995000 0.000005 
