# Time(ps) Norm. Int.(No Units) 
0.000000 1.000000 
0.005000 0.612102 
0.010000 0.406838 
0.015000 0.182346 
0.020000 0.282369 
0.025000 0.120710 
0.030000 0.063820 
0.035000 0.105417 
0.040000 0.007921 
0.045000 -0.020936 
0.050000 -0.061746 
0.055000 0.255344 
0.060000 0.175103 
0.065000 0.132558 
0.070000 -0.080513 
0.075000 0.043056 
0.080000 -0.026886 
0.085000 -0.024921 
0.090000 -0.061317 
0.095000 -0.023809 
0.100000 -0.036509 
0.105000 -0.064889 
0.110000 0.095174 
0.115000 0.172776 
0.120000 0.241328 
0.125000 0.091831 
0.130000 0.109837 
0.135000 0.000215 
0.140000 0.035158 
0.145000 -0.031232 
0.150000 0.057047 
0.155000 0.003295 
0.160000 0.032321 
0.165000 0.035460 
0.170000 0.099704 
0.175000 0.129030 
0.180000 0.103902 
0.185000 0.104549 
0.190000 -0.039591 
0.195000 -0.052968 
0.200000 -0.144802 
0.205000 -0.024181 
0.210000 -0.120672 
0.215000 -0.068268 
0.220000 -0.144101 
0.225000 -0.059299 
0.230000 -0.085427 
0.235000 -0.037526 
0.240000 0.021984 
0.245000 -0.004359 
0.250000 -0.004709 
0.255000 -0.104734 
0.260000 0.026374 
0.265000 -0.041127 
0.270000 0.033807 
0.275000 -0.065517 
0.280000 0.054668 
0.285000 0.015982 
0.290000 0.058746 
0.295000 0.067681 
0.300000 0.099908 
0.305000 0.096640 
0.310000 -0.025554 
0.315000 0.012648 
0.320000 -0.028658 
0.325000 0.063794 
0.330000 -0.024522 
0.335000 0.054537 
0.340000 0.003556 
0.345000 0.030989 
0.350000 -0.034161 
0.355000 -0.002214 
0.360000 0.014438 
0.365000 -0.005316 
0.370000 -0.019190 
0.375000 -0.049631 
0.380000 0.005504 
0.385000 -0.020846 
0.390000 0.021498 
0.395000 -0.024152 
0.400000 0.013377 
0.405000 -0.047021 
0.410000 -0.012644 
0.415000 -0.029625 
0.420000 0.034114 
0.425000 0.003225 
0.430000 -0.005632 
0.435000 -0.039294 
0.440000 -0.027287 
0.445000 0.010347 
0.450000 0.030423 
0.455000 0.097258 
0.460000 0.059484 
0.465000 0.079987 
0.470000 -0.020421 
0.475000 0.021356 
0.480000 -0.032553 
0.485000 0.038177 
0.490000 -0.013439 
0.495000 0.000058 
0.500000 -0.023658 
0.505000 0.004560 
0.510000 0.053355 
0.515000 0.021720 
0.520000 0.047144 
0.525000 -0.040783 
0.530000 0.011220 
0.535000 -0.056644 
0.540000 0.024463 
0.545000 -0.033179 
0.550000 -0.018870 
0.555000 -0.093224 
0.560000 -0.080712 
0.565000 -0.033656 
0.570000 -0.009064 
0.575000 0.029329 
0.580000 -0.028459 
0.585000 0.016804 
0.590000 -0.035424 
0.595000 0.025597 
0.600000 -0.012423 
0.605000 0.025234 
0.610000 -0.036609 
0.615000 -0.033556 
0.620000 -0.023908 
0.625000 0.016260 
0.630000 0.039896 
0.635000 0.018546 
0.640000 0.028221 
0.645000 0.000721 
0.650000 0.028332 
0.655000 0.004986 
0.660000 0.027049 
0.665000 -0.017096 
0.670000 -0.015427 
0.675000 -0.059243 
0.680000 -0.048837 
0.685000 -0.069237 
0.690000 -0.036419 
0.695000 -0.029928 
0.700000 -0.007139 
0.705000 -0.007870 
0.710000 -0.007248 
0.715000 0.007496 
0.720000 -0.004340 
0.725000 0.027207 
0.730000 -0.006752 
0.735000 0.004693 
0.740000 -0.071414 
0.745000 -0.033066 
0.750000 -0.035126 
0.755000 0.034252 
0.760000 0.017437 
0.765000 0.030236 
0.770000 0.022119 
0.775000 0.002195 
0.780000 0.022986 
0.785000 0.005242 
0.790000 0.043599 
0.795000 -0.042240 
0.800000 -0.027552 
0.805000 -0.068467 
0.810000 -0.006606 
0.815000 -0.036501 
0.820000 -0.014228 
0.825000 -0.010926 
0.830000 0.000727 
0.835000 0.022208 
0.840000 0.006922 
0.845000 0.037485 
0.850000 -0.031147 
0.855000 -0.031211 
0.860000 -0.075880 
0.865000 -0.022573 
0.870000 -0.034796 
0.875000 -0.002384 
0.880000 0.001296 
0.885000 0.011881 
0.890000 0.004793 
0.895000 -0.003099 
0.900000 0.024753 
0.905000 0.009886 
0.910000 0.008128 
0.915000 -0.027425 
0.920000 -0.021559 
0.925000 -0.048855 
0.930000 -0.029616 
0.935000 -0.015917 
0.940000 0.019045 
0.945000 0.007600 
0.950000 0.013847 
0.955000 0.008062 
0.960000 0.012625 
0.965000 -0.006757 
0.970000 -0.011508 
0.975000 -0.016514 
0.980000 -0.033380 
0.985000 -0.029477 
0.990000 -0.024827 
0.995000 0.016295 
1.000000 -0.005327 
1.005000 0.013486 
1.010000 -0.006862 
1.015000 0.028468 
1.020000 0.002925 
1.025000 0.012674 
1.030000 -0.010365 
1.035000 -0.028757 
1.040000 -0.040540 
1.045000 -0.041139 
1.050000 0.011274 
1.055000 -0.001579 
1.060000 0.025797 
1.065000 -0.010449 
1.070000 0.021311 
1.075000 -0.010986 
1.080000 0.015191 
1.085000 0.012217 
1.090000 0.016544 
1.095000 -0.002831 
1.100000 -0.027829 
1.105000 -0.000410 
1.110000 -0.006256 
1.115000 0.032726 
1.120000 0.012334 
1.125000 0.035052 
1.130000 -0.004978 
1.135000 0.000832 
1.140000 -0.007333 
1.145000 0.003511 
1.150000 -0.007109 
1.155000 -0.020662 
1.160000 -0.006398 
1.165000 -0.008896 
1.170000 0.006708 
1.175000 -0.003051 
1.180000 0.013344 
1.185000 -0.003066 
1.190000 -0.001436 
1.195000 -0.006569 
1.200000 0.004739 
1.205000 -0.007658 
1.210000 -0.013779 
1.215000 -0.017063 
1.220000 -0.005995 
1.225000 -0.006080 
1.230000 0.003141 
1.235000 0.010415 
1.240000 0.013100 
1.245000 0.005727 
1.250000 -0.005588 
1.255000 -0.000562 
1.260000 -0.014171 
1.265000 -0.002479 
1.270000 -0.014215 
1.275000 0.004708 
1.280000 -0.017511 
1.285000 -0.003105 
1.290000 -0.004572 
1.295000 0.018244 
1.300000 0.019867 
1.305000 0.009830 
1.310000 0.003421 
1.315000 -0.021449 
1.320000 0.002465 
1.325000 -0.002077 
1.330000 0.027876 
1.335000 -0.005510 
1.340000 -0.000334 
1.345000 -0.018215 
1.350000 0.000265 
1.355000 0.006806 
1.360000 0.011106 
1.365000 0.017595 
1.370000 -0.005741 
1.375000 0.003409 
1.380000 -0.014549 
1.385000 0.009490 
1.390000 -0.011434 
1.395000 -0.002141 
1.400000 -0.015040 
1.405000 -0.002130 
1.410000 0.000012 
1.415000 -0.000550 
1.420000 0.002031 
1.425000 -0.011293 
1.430000 -0.006241 
1.435000 -0.015928 
1.440000 0.000072 
1.445000 -0.003273 
1.450000 0.005750 
1.455000 0.000021 
1.460000 0.004111 
1.465000 0.002626 
1.470000 0.003399 
1.475000 0.001616 
1.480000 0.003859 
1.485000 0.006537 
1.490000 0.008064 
1.495000 0.001072 
1.500000 -0.002480 
1.505000 -0.004342 
1.510000 -0.003457 
1.515000 -0.002744 
1.520000 -0.006591 
1.525000 -0.000786 
1.530000 -0.008010 
1.535000 0.003908 
1.540000 -0.002381 
1.545000 0.010293 
1.550000 -0.003125 
1.555000 0.003782 
1.560000 -0.000289 
1.565000 0.004278 
1.570000 0.004164 
1.575000 -0.003599 
1.580000 0.004176 
1.585000 -0.009170 
1.590000 0.006155 
1.595000 -0.007008 
1.600000 0.009308 
1.605000 -0.006607 
1.610000 0.002932 
1.615000 0.000903 
1.620000 0.010106 
1.625000 0.014836 
1.630000 0.005130 
1.635000 0.009424 
1.640000 -0.009495 
1.645000 0.002497 
1.650000 -0.006845 
1.655000 0.013287 
1.660000 0.003528 
1.665000 0.007310 
1.670000 0.000042 
1.675000 -0.000888 
1.680000 -0.001038 
1.685000 -0.007673 
1.690000 -0.000118 
1.695000 -0.011089 
1.700000 -0.006696 
1.705000 -0.011799 
1.710000 0.002820 
1.715000 0.001760 
1.720000 0.002449 
1.725000 -0.001446 
1.730000 -0.003186 
1.735000 -0.004371 
1.740000 -0.003154 
1.745000 0.006113 
1.750000 0.009242 
1.755000 0.003385 
1.760000 -0.004230 
1.765000 -0.007583 
1.770000 -0.004781 
1.775000 -0.001113 
1.780000 0.007713 
1.785000 0.016280 
1.790000 0.010737 
1.795000 0.004358 
1.800000 -0.007111 
1.805000 0.000751 
1.810000 -0.003326 
1.815000 0.005928 
1.820000 0.001569 
1.825000 0.003474 
1.830000 -0.003816 
1.835000 -0.004539 
1.840000 0.003797 
1.845000 -0.000492 
1.850000 0.004716 
1.855000 -0.007252 
1.860000 0.002084 
1.865000 -0.011788 
1.870000 -0.003943 
1.875000 -0.007087 
1.880000 -0.000161 
1.885000 -0.003563 
1.890000 -0.006015 
1.895000 0.002797 
1.900000 -0.004107 
1.905000 0.002513 
1.910000 -0.006992 
1.915000 0.007266 
1.920000 -0.001212 
1.925000 0.003454 
1.930000 -0.003223 
1.935000 -0.004044 
1.940000 -0.008320 
1.945000 -0.010197 
1.950000 0.005011 
1.955000 0.007968 
1.960000 0.014510 
1.965000 0.001976 
1.970000 0.002701 
1.975000 -0.006182 
1.980000 -0.005658 
1.985000 -0.005297 
1.990000 -0.002335 
1.995000 -0.001513 
2.000000 -0.005597 
2.005000 -0.002874 
2.010000 -0.004540 
2.015000 -0.004077 
2.020000 -0.004464 
2.025000 -0.000661 
2.030000 0.001793 
2.035000 -0.001144 
2.040000 -0.002604 
2.045000 -0.006461 
2.050000 -0.010323 
2.055000 -0.011288 
2.060000 -0.009183 
2.065000 -0.001869 
2.070000 -0.004335 
2.075000 0.001665 
2.080000 0.001327 
2.085000 0.007026 
2.090000 0.000803 
2.095000 -0.000472 
2.100000 -0.001020 
2.105000 -0.003157 
2.110000 0.001060 
2.115000 -0.001776 
2.120000 0.005846 
2.125000 -0.004118 
2.130000 0.001354 
2.135000 -0.000871 
2.140000 0.007911 
2.145000 0.003206 
2.150000 -0.001563 
2.155000 -0.003607 
2.160000 -0.008937 
2.165000 -0.002522 
2.170000 -0.005952 
2.175000 0.004494 
2.180000 -0.003747 
2.185000 -0.000500 
2.190000 -0.005782 
2.195000 -0.000349 
2.200000 0.001221 
2.205000 0.002402 
2.210000 0.006591 
2.215000 0.000327 
2.220000 0.000199 
2.225000 -0.010099 
2.230000 -0.006991 
2.235000 -0.010394 
2.240000 -0.002873 
2.245000 0.001502 
2.250000 0.005370 
2.255000 0.004469 
2.260000 -0.000850 
2.265000 -0.000540 
2.270000 -0.003742 
2.275000 -0.000570 
2.280000 -0.000069 
2.285000 0.002281 
2.290000 0.000382 
2.295000 -0.001870 
2.300000 -0.000171 
2.305000 -0.000613 
2.310000 0.000463 
2.315000 0.000210 
2.320000 0.002522 
2.325000 0.002942 
2.330000 -0.001242 
2.335000 -0.000967 
2.340000 -0.003309 
2.345000 0.000650 
2.350000 -0.002149 
2.355000 0.000403 
2.360000 -0.001315 
2.365000 -0.001047 
2.370000 0.001637 
2.375000 0.003041 
2.380000 0.008693 
2.385000 0.002245 
2.390000 0.002448 
2.395000 -0.006303 
2.400000 -0.003108 
2.405000 -0.004451 
2.410000 0.001420 
2.415000 0.003936 
2.420000 0.002605 
2.425000 0.003224 
2.430000 -0.002994 
2.435000 0.001313 
2.440000 -0.002760 
2.445000 0.004254 
2.450000 0.000057 
2.455000 0.001389 
2.460000 -0.002559 
2.465000 -0.002588 
2.470000 -0.001375 
2.475000 -0.004209 
2.480000 -0.000826 
2.485000 -0.004466 
2.490000 -0.000326 
2.495000 -0.004300 
2.500000 -0.000029 
2.505000 -0.000860 
2.510000 -0.000136 
2.515000 -0.001625 
2.520000 -0.003124 
2.525000 -0.000176 
2.530000 -0.001003 
2.535000 0.002844 
2.540000 0.001979 
2.545000 0.003747 
2.550000 0.001192 
2.555000 -0.000166 
2.560000 -0.000135 
2.565000 -0.000985 
2.570000 0.000504 
2.575000 -0.000665 
2.580000 0.000883 
2.585000 0.000075 
2.590000 0.000011 
2.595000 0.000886 
2.600000 0.000288 
2.605000 0.002761 
2.610000 0.000586 
2.615000 0.001716 
2.620000 -0.001638 
2.625000 -0.000599 
2.630000 -0.000405 
2.635000 -0.000572 
2.640000 0.000196 
2.645000 -0.002158 
2.650000 0.001401 
2.655000 -0.001520 
2.660000 0.002327 
2.665000 0.000636 
2.670000 0.004102 
2.675000 0.002438 
2.680000 0.001981 
2.685000 0.002784 
2.690000 0.000030 
2.695000 0.001394 
2.700000 -0.002419 
2.705000 0.003396 
2.710000 0.001813 
2.715000 0.005283 
2.720000 0.002488 
2.725000 0.002693 
2.730000 0.001204 
2.735000 -0.000593 
2.740000 0.002653 
2.745000 0.001191 
2.750000 0.004304 
2.755000 0.000639 
2.760000 0.003949 
2.765000 0.001746 
2.770000 0.002346 
2.775000 0.000848 
2.780000 0.000075 
2.785000 0.001301 
2.790000 0.000437 
2.795000 0.003875 
2.800000 0.001191 
2.805000 0.000609 
2.810000 -0.002902 
2.815000 -0.001647 
2.820000 -0.000357 
2.825000 0.001108 
2.830000 0.004297 
2.835000 0.004194 
2.840000 0.004392 
2.845000 0.000832 
2.850000 0.001043 
2.855000 0.000872 
2.860000 0.001591 
2.865000 0.003969 
2.870000 0.005201 
2.875000 0.006779 
2.880000 0.002442 
2.885000 0.001339 
2.890000 -0.000181 
2.895000 0.001529 
2.900000 0.003002 
2.905000 0.004090 
2.910000 0.005762 
2.915000 0.001895 
2.920000 0.001832 
2.925000 -0.000119 
2.930000 0.003551 
2.935000 0.002740 
2.940000 0.003786 
2.945000 0.003718 
2.950000 0.002309 
2.955000 0.001830 
2.960000 -0.001405 
2.965000 0.001371 
2.970000 -0.000066 
2.975000 0.003737 
2.980000 0.002905 
2.985000 0.003918 
2.990000 0.000876 
2.995000 -0.001392 
3.000000 -0.000078 
3.005000 0.000112 
3.010000 0.003787 
3.015000 0.001935 
3.020000 0.003592 
3.025000 -0.000161 
3.030000 0.000383 
3.035000 0.000622 
3.040000 0.002955 
3.045000 0.004807 
3.050000 0.003821 
3.055000 0.004739 
3.060000 0.000931 
3.065000 0.000428 
3.070000 -0.001841 
3.075000 0.000828 
3.080000 0.001708 
3.085000 0.002548 
3.090000 0.003262 
3.095000 0.001989 
3.100000 0.002060 
3.105000 -0.000041 
3.110000 0.001964 
3.115000 0.001530 
3.120000 0.001644 
3.125000 0.000551 
3.130000 0.000336 
3.135000 0.001340 
3.140000 0.000260 
3.145000 0.001693 
3.150000 0.000962 
3.155000 0.002364 
3.160000 0.001827 
3.165000 0.002595 
3.170000 0.002652 
3.175000 0.000911 
3.180000 0.001074 
3.185000 -0.000260 
3.190000 0.001483 
3.195000 0.000171 
3.200000 0.001745 
3.205000 0.001575 
3.210000 0.001944 
3.215000 0.002295 
3.220000 0.001696 
3.225000 0.002684 
3.230000 0.000034 
3.235000 0.001127 
3.240000 -0.000196 
3.245000 0.001260 
3.250000 0.000033 
3.255000 0.000505 
3.260000 0.001096 
3.265000 0.000167 
3.270000 0.001226 
3.275000 0.000208 
3.280000 0.002411 
3.285000 0.000325 
3.290000 0.001141 
3.295000 0.000054 
3.300000 0.000404 
3.305000 -0.000090 
3.310000 -0.000647 
3.315000 0.001126 
3.320000 0.000228 
3.325000 0.001668 
3.330000 0.000342 
3.335000 0.001948 
3.340000 0.000719 
3.345000 0.000611 
3.350000 0.000220 
3.355000 -0.000353 
3.360000 0.000380 
3.365000 -0.000161 
3.370000 0.001829 
3.375000 0.000429 
3.380000 0.000156 
3.385000 -0.001326 
3.390000 -0.000515 
3.395000 0.000520 
3.400000 0.000837 
3.405000 0.001706 
3.410000 -0.000127 
3.415000 -0.000809 
3.420000 -0.002583 
3.425000 -0.001292 
3.430000 -0.000420 
3.435000 0.000652 
3.440000 0.001747 
3.445000 0.001253 
3.450000 0.001077 
3.455000 -0.001348 
3.460000 -0.000911 
3.465000 -0.000999 
3.470000 0.000422 
3.475000 0.000717 
3.480000 0.000325 
3.485000 -0.000035 
3.490000 -0.002056 
3.495000 -0.001222 
3.500000 -0.001409 
3.505000 0.000663 
3.510000 -0.000076 
3.515000 -0.000034 
3.520000 -0.000813 
3.525000 -0.001621 
3.530000 -0.001316 
3.535000 -0.002137 
3.540000 -0.000491 
3.545000 -0.001323 
3.550000 0.000197 
3.555000 -0.000653 
3.560000 -0.000208 
3.565000 -0.001101 
3.570000 -0.001542 
3.575000 -0.000846 
3.580000 -0.001291 
3.585000 -0.000064 
3.590000 -0.001467 
3.595000 -0.000617 
3.600000 -0.001620 
3.605000 -0.000383 
3.610000 -0.000285 
3.615000 -0.000141 
3.620000 0.000010 
3.625000 -0.000630 
3.630000 0.000282 
3.635000 -0.000771 
3.640000 -0.000162 
3.645000 -0.001445 
3.650000 -0.001157 
3.655000 -0.001279 
3.660000 -0.000362 
3.665000 0.000718 
3.670000 0.000286 
3.675000 0.000185 
3.680000 -0.001412 
3.685000 -0.001278 
3.690000 -0.001772 
3.695000 -0.000813 
3.700000 -0.000161 
3.705000 0.000019 
3.710000 -0.000037 
3.715000 -0.001466 
3.720000 -0.001586 
3.725000 -0.002109 
3.730000 -0.000521 
3.735000 0.000483 
3.740000 0.001221 
3.745000 0.000749 
3.750000 -0.001000 
3.755000 -0.001578 
3.760000 -0.002393 
3.765000 -0.000541 
3.770000 0.000119 
3.775000 0.001253 
3.780000 0.000350 
3.785000 -0.000378 
3.790000 -0.000697 
3.795000 -0.001351 
3.800000 -0.000630 
3.805000 -0.001021 
3.810000 0.000437 
3.815000 -0.000281 
3.820000 0.000225 
3.825000 -0.000483 
3.830000 -0.000475 
3.835000 -0.000769 
3.840000 -0.001009 
3.845000 0.000229 
3.850000 -0.000057 
3.855000 0.000593 
3.860000 -0.000557 
3.865000 0.000113 
3.870000 -0.000608 
3.875000 -0.000459 
3.880000 -0.000382 
3.885000 -0.000128 
3.890000 0.000431 
3.895000 -0.000167 
3.900000 0.000405 
3.905000 -0.000431 
3.910000 -0.000237 
3.915000 -0.000814 
3.920000 -0.000244 
3.925000 0.000076 
3.930000 0.000033 
3.935000 0.000273 
3.940000 -0.000235 
3.945000 0.000049 
3.950000 -0.000467 
3.955000 0.000109 
3.960000 0.000161 
3.965000 0.000178 
3.970000 0.000012 
3.975000 -0.000575 
3.980000 -0.000530 
3.985000 -0.001140 
3.990000 -0.000330 
3.995000 -0.000049 
4.000000 0.000436 
4.005000 -0.000063 
4.010000 -0.000751 
4.015000 -0.000982 
4.020000 -0.001584 
4.025000 -0.000664 
4.030000 -0.000441 
4.035000 0.000461 
4.040000 -0.000326 
4.045000 -0.000413 
4.050000 -0.000551 
4.055000 -0.000470 
4.060000 0.000041 
4.065000 0.000038 
4.070000 0.000876 
4.075000 -0.000053 
4.080000 -0.000022 
4.085000 -0.000788 
4.090000 -0.000348 
4.095000 -0.000494 
4.100000 -0.000256 
4.105000 0.000255 
4.110000 -0.000029 
4.115000 0.000197 
4.120000 -0.000332 
4.125000 0.000539 
4.130000 0.000116 
4.135000 0.000144 
4.140000 -0.000497 
4.145000 -0.000627 
4.150000 -0.000624 
4.155000 -0.000563 
4.160000 0.000411 
4.165000 0.000447 
4.170000 0.000609 
4.175000 -0.000256 
4.180000 -0.000224 
4.185000 -0.000376 
4.190000 -0.000209 
4.195000 0.000180 
4.200000 0.000272 
4.205000 0.000383 
4.210000 -0.000376 
4.215000 -0.000420 
4.220000 -0.000622 
4.225000 -0.000265 
4.230000 0.000141 
4.235000 0.000546 
4.240000 0.000797 
4.245000 0.000077 
4.250000 -0.000161 
4.255000 -0.000602 
4.260000 -0.000306 
4.265000 -0.000350 
4.270000 -0.000104 
4.275000 0.000141 
4.280000 -0.000071 
4.285000 0.000087 
4.290000 -0.000268 
4.295000 0.000103 
4.300000 -0.000335 
4.305000 -0.000000 
4.310000 0.000035 
4.315000 0.000260 
4.320000 0.000158 
4.325000 -0.000232 
4.330000 0.000015 
4.335000 -0.000261 
4.340000 0.000299 
4.345000 0.000058 
4.350000 0.000484 
4.355000 0.000085 
4.360000 0.000116 
4.365000 0.000058 
4.370000 0.000006 
4.375000 0.000139 
4.380000 -0.000169 
4.385000 0.000260 
4.390000 0.000050 
4.395000 0.000416 
4.400000 0.000048 
4.405000 0.000039 
4.410000 -0.000234 
4.415000 -0.000180 
4.420000 0.000176 
4.425000 0.000214 
4.430000 0.000313 
4.435000 -0.000198 
4.440000 -0.000209 
4.445000 -0.000397 
4.450000 -0.000102 
4.455000 0.000132 
4.460000 0.000302 
4.465000 0.000302 
4.470000 -0.000082 
4.475000 -0.000211 
4.480000 -0.000428 
4.485000 -0.000192 
4.490000 0.000079 
4.495000 0.000410 
4.500000 0.000556 
4.505000 0.000258 
4.510000 0.000117 
4.515000 -0.000212 
4.520000 -0.000039 
4.525000 0.000011 
4.530000 0.000301 
4.535000 0.000325 
4.540000 0.000125 
4.545000 0.000054 
4.550000 -0.000173 
4.555000 0.000069 
4.560000 -0.000062 
4.565000 0.000276 
4.570000 0.000187 
4.575000 0.000293 
4.580000 0.000114 
4.585000 -0.000014 
4.590000 -0.000008 
4.595000 -0.000177 
4.600000 0.000066 
4.605000 -0.000056 
4.610000 0.000277 
4.615000 0.000113 
4.620000 0.000243 
4.625000 0.000051 
4.630000 0.000039 
4.635000 0.000011 
4.640000 -0.000096 
4.645000 0.000057 
4.650000 0.000007 
4.655000 0.000262 
4.660000 0.000085 
4.665000 0.000156 
4.670000 0.000044 
4.675000 0.000180 
4.680000 0.000246 
4.685000 0.000284 
4.690000 0.000350 
4.695000 0.000203 
4.700000 0.000124 
4.705000 -0.000059 
4.710000 0.000034 
4.715000 0.000079 
4.720000 0.000110 
4.725000 0.000104 
4.730000 0.000088 
4.735000 0.000110 
4.740000 -0.000015 
4.745000 -0.000009 
4.750000 0.000021 
4.755000 0.000062 
4.760000 0.000053 
4.765000 0.000006 
4.770000 0.000077 
4.775000 -0.000020 
4.780000 -0.000001 
4.785000 -0.000029 
4.790000 0.000105 
4.795000 0.000105 
4.800000 0.000068 
4.805000 0.000075 
4.810000 0.000018 
4.815000 0.000069 
4.820000 0.000006 
4.825000 0.000169 
4.830000 0.000161 
4.835000 0.000197 
4.840000 0.000087 
4.845000 0.000079 
4.850000 0.000095 
4.855000 0.000069 
4.860000 0.000116 
4.865000 0.000061 
4.870000 0.000104 
4.875000 -0.000024 
4.880000 0.000005 
4.885000 -0.000007 
4.890000 0.000077 
4.895000 0.000076 
4.900000 0.000068 
4.905000 0.000083 
4.910000 0.000048 
4.915000 0.000068 
4.920000 0.000030 
4.925000 0.000080 
4.930000 0.000051 
4.935000 0.000061 
4.940000 0.000035 
4.945000 0.000046 
4.950000 0.000046 
4.955000 0.000035 
4.960000 0.000027 
4.965000 0.000014 
4.970000 0.000014 
4.975000 0.000004 
4.980000 0.000001 
4.985000 0.000003 
4.990000 0.000010 
4.995000 0.000009 
