# Time(ps) Norm. Int.(No Units) 
0.000000 1.000000 
0.005000 0.675507 
0.010000 0.086840 
0.015000 -0.185499 
0.020000 -0.121357 
0.025000 -0.080584 
0.030000 -0.174314 
0.035000 -0.184594 
0.040000 0.015274 
0.045000 0.228383 
0.050000 0.203463 
0.055000 0.029559 
0.060000 0.029849 
0.065000 0.237071 
0.070000 0.299960 
0.075000 0.040257 
0.080000 -0.253384 
0.085000 -0.266601 
0.090000 -0.081657 
0.095000 0.034253 
0.100000 0.027210 
0.105000 0.049539 
0.110000 0.167436 
0.115000 0.247207 
0.120000 0.157712 
0.125000 -0.024901 
0.130000 -0.115211 
0.135000 -0.072210 
0.140000 -0.025591 
0.145000 -0.061415 
0.150000 -0.109183 
0.155000 -0.077162 
0.160000 0.003355 
0.165000 0.044071 
0.170000 0.044364 
0.175000 0.068282 
0.180000 0.114114 
0.185000 0.121730 
0.190000 0.077544 
0.195000 0.012184 
0.200000 -0.057650 
0.205000 -0.103780 
0.210000 -0.080355 
0.215000 0.004473 
0.220000 0.086489 
0.225000 0.122068 
0.230000 0.109119 
0.235000 0.074426 
0.240000 0.066559 
0.245000 0.087823 
0.250000 0.067520 
0.255000 -0.014138 
0.260000 -0.071316 
0.265000 -0.063422 
0.270000 -0.055352 
0.275000 -0.071090 
0.280000 -0.052156 
0.285000 0.010910 
0.290000 0.054691 
0.295000 0.050379 
0.300000 0.037639 
0.305000 0.072793 
0.310000 0.158871 
0.315000 0.196113 
0.320000 0.072617 
0.325000 -0.146112 
0.330000 -0.248797 
0.335000 -0.151365 
0.340000 0.008391 
0.345000 0.083022 
0.350000 0.074488 
0.355000 0.052863 
0.360000 0.037998 
0.365000 0.005329 
0.370000 -0.036923 
0.375000 -0.026751 
0.380000 0.056849 
0.385000 0.108635 
0.390000 0.011523 
0.395000 -0.165910 
0.400000 -0.215026 
0.405000 -0.057522 
0.410000 0.148150 
0.415000 0.216552 
0.420000 0.151087 
0.425000 0.078967 
0.430000 0.043174 
0.435000 -0.019873 
0.440000 -0.110138 
0.445000 -0.115569 
0.450000 0.007751 
0.455000 0.126460 
0.460000 0.096147 
0.465000 -0.033732 
0.470000 -0.082795 
0.475000 0.011260 
0.480000 0.109653 
0.485000 0.080414 
0.490000 -0.008713 
0.495000 -0.019733 
0.500000 0.017168 
0.505000 -0.030098 
0.510000 -0.139053 
0.515000 -0.145020 
0.520000 -0.004086 
0.525000 0.134284 
0.530000 0.139073 
0.535000 0.054310 
0.540000 0.001748 
0.545000 0.002118 
0.550000 -0.027841 
0.555000 -0.101773 
0.560000 -0.105474 
0.565000 0.008414 
0.570000 0.095187 
0.575000 0.023970 
0.580000 -0.108009 
0.585000 -0.119707 
0.590000 -0.008188 
0.595000 0.076316 
0.600000 0.054051 
0.605000 -0.006171 
0.610000 -0.018438 
0.615000 -0.000873 
0.620000 -0.015451 
0.625000 -0.036981 
0.630000 0.011149 
0.635000 0.097247 
0.640000 0.095187 
0.645000 -0.015631 
0.650000 -0.099530 
0.655000 -0.055748 
0.660000 0.048816 
0.665000 0.087226 
0.670000 0.040366 
0.675000 -0.002966 
0.680000 0.009569 
0.685000 0.027555 
0.690000 0.005213 
0.695000 -0.013426 
0.700000 0.012066 
0.705000 0.027927 
0.710000 -0.020799 
0.715000 -0.080739 
0.720000 -0.058722 
0.725000 0.044104 
0.730000 0.125684 
0.735000 0.101670 
0.740000 0.005263 
0.745000 -0.058007 
0.750000 -0.048963 
0.755000 -0.022400 
0.760000 -0.012737 
0.765000 0.005276 
0.770000 0.028595 
0.775000 0.012945 
0.780000 -0.035259 
0.785000 -0.049525 
0.790000 0.002244 
0.795000 0.072432 
0.800000 0.085121 
0.805000 0.016834 
0.810000 -0.072332 
0.815000 -0.105683 
0.820000 -0.079245 
0.825000 -0.039094 
0.830000 0.002192 
0.835000 0.055866 
0.840000 0.095776 
0.845000 0.081357 
0.850000 0.022136 
0.855000 -0.030114 
0.860000 -0.039946 
0.865000 -0.017128 
0.870000 0.005562 
0.875000 0.013635 
0.880000 0.017585 
0.885000 0.018554 
0.890000 0.001765 
0.895000 -0.024481 
0.900000 -0.023163 
0.905000 0.021142 
0.910000 0.072815 
0.915000 0.079160 
0.920000 0.027978 
0.925000 -0.035065 
0.930000 -0.057288 
0.935000 -0.035838 
0.940000 0.000779 
0.945000 0.039018 
0.950000 0.066057 
0.955000 0.050061 
0.960000 -0.013234 
0.965000 -0.069364 
0.970000 -0.059898 
0.975000 0.013122 
0.980000 0.086521 
0.985000 0.090188 
0.990000 0.019069 
0.995000 -0.055757 
1.000000 -0.074825 
1.005000 -0.051478 
1.010000 -0.014325 
1.015000 0.037897 
1.020000 0.083485 
1.025000 0.067286 
1.030000 -0.011932 
1.035000 -0.075436 
1.040000 -0.057423 
1.045000 0.019024 
1.050000 0.070056 
1.055000 0.042656 
1.060000 -0.022874 
1.065000 -0.044410 
1.070000 -0.011334 
1.075000 0.014574 
1.080000 0.011371 
1.085000 0.019995 
1.090000 0.047217 
1.095000 0.043222 
1.100000 -0.004882 
1.105000 -0.037626 
1.110000 -0.008354 
1.115000 0.045995 
1.120000 0.051714 
1.125000 -0.000698 
1.130000 -0.040083 
1.135000 -0.014044 
1.140000 0.036581 
1.145000 0.043351 
1.150000 0.012691 
1.155000 0.003375 
1.160000 0.025394 
1.165000 0.028498 
1.170000 -0.007379 
1.175000 -0.032639 
1.180000 -0.006875 
1.185000 0.031488 
1.190000 0.022755 
1.195000 -0.019635 
1.200000 -0.032339 
1.205000 -0.000586 
1.210000 0.027302 
1.215000 0.019007 
1.220000 0.000958 
1.225000 0.010903 
1.230000 0.036094 
1.235000 0.026918 
1.240000 -0.024074 
1.245000 -0.056351 
1.250000 -0.027237 
1.255000 0.021162 
1.260000 0.030532 
1.265000 0.011603 
1.270000 0.005577 
1.275000 0.010915 
1.280000 0.002781 
1.285000 -0.013378 
1.290000 -0.008962 
1.295000 0.022956 
1.300000 0.047053 
1.305000 0.020199 
1.310000 -0.042803 
1.315000 -0.067626 
1.320000 -0.016428 
1.325000 0.056266 
1.330000 0.079991 
1.335000 0.051016 
1.340000 0.006538 
1.345000 -0.029563 
1.350000 -0.046230 
1.355000 -0.033154 
1.360000 0.007501 
1.365000 0.052100 
1.370000 0.064740 
1.375000 0.025114 
1.380000 -0.038570 
1.385000 -0.064464 
1.390000 -0.025943 
1.395000 0.035833 
1.400000 0.063261 
1.405000 0.041158 
1.410000 -0.004185 
1.415000 -0.038546 
1.420000 -0.042931 
1.425000 -0.019793 
1.430000 0.012775 
1.435000 0.033816 
1.440000 0.030962 
1.445000 0.007721 
1.450000 -0.017603 
1.455000 -0.024653 
1.460000 -0.006989 
1.465000 0.021735 
1.470000 0.037286 
1.475000 0.026019 
1.480000 -0.002081 
1.485000 -0.025017 
1.490000 -0.028195 
1.495000 -0.011211 
1.500000 0.012460 
1.505000 0.022847 
1.510000 0.015275 
1.515000 0.006592 
1.520000 0.006845 
1.525000 0.004742 
1.530000 -0.005348 
1.535000 -0.008786 
1.540000 0.004046 
1.545000 0.021058 
1.550000 0.023443 
1.555000 0.005945 
1.560000 -0.014511 
1.565000 -0.012284 
1.570000 0.012330 
1.575000 0.028416 
1.580000 0.020323 
1.585000 0.008198 
1.590000 0.006075 
1.595000 -0.000774 
1.600000 -0.018804 
1.605000 -0.025429 
1.610000 -0.003111 
1.615000 0.029865 
1.620000 0.036255 
1.625000 0.003473 
1.630000 -0.034117 
1.635000 -0.031203 
1.640000 0.008335 
1.645000 0.035207 
1.650000 0.023417 
1.655000 -0.001715 
1.660000 -0.011614 
1.665000 -0.010559 
1.670000 -0.011234 
1.675000 -0.006611 
1.680000 0.013521 
1.685000 0.033766 
1.690000 0.023758 
1.695000 -0.017477 
1.700000 -0.047108 
1.705000 -0.027153 
1.710000 0.024230 
1.715000 0.052607 
1.720000 0.032361 
1.725000 -0.009530 
1.730000 -0.032968 
1.735000 -0.028107 
1.740000 -0.011027 
1.745000 0.007137 
1.750000 0.025411 
1.755000 0.033666 
1.760000 0.017410 
1.765000 -0.013580 
1.770000 -0.027381 
1.775000 -0.008448 
1.780000 0.023002 
1.785000 0.034353 
1.790000 0.014321 
1.795000 -0.016594 
1.800000 -0.028883 
1.805000 -0.016251 
1.810000 0.003915 
1.815000 0.018127 
1.820000 0.024432 
1.825000 0.018511 
1.830000 -0.001381 
1.835000 -0.020899 
1.840000 -0.023280 
1.845000 -0.009801 
1.850000 0.006152 
1.855000 0.013932 
1.860000 0.010167 
1.865000 -0.000175 
1.870000 -0.007943 
1.875000 -0.009873 
1.880000 -0.007058 
1.885000 0.002362 
1.890000 0.015287 
1.895000 0.018242 
1.900000 0.004911 
1.905000 -0.012309 
1.910000 -0.018897 
1.915000 -0.013409 
1.920000 -0.002016 
1.925000 0.009198 
1.930000 0.014681 
1.935000 0.010979 
1.940000 -0.001066 
1.945000 -0.015404 
1.950000 -0.020590 
1.955000 -0.008064 
1.960000 0.014385 
1.965000 0.025718 
1.970000 0.013987 
1.975000 -0.010331 
1.980000 -0.025583 
1.985000 -0.019667 
1.990000 0.001193 
1.995000 0.020582 
2.000000 0.025615 
2.005000 0.013534 
2.010000 -0.008482 
2.015000 -0.025776 
2.020000 -0.024488 
2.025000 -0.003666 
2.030000 0.021395 
2.035000 0.029879 
2.040000 0.012084 
2.045000 -0.019498 
2.050000 -0.037970 
2.055000 -0.027488 
2.060000 0.001348 
2.065000 0.024729 
2.070000 0.027311 
2.075000 0.009737 
2.080000 -0.014157 
2.085000 -0.026338 
2.090000 -0.019223 
2.095000 -0.001198 
2.100000 0.014229 
2.105000 0.018185 
2.110000 0.008142 
2.115000 -0.009063 
2.120000 -0.018853 
2.125000 -0.012740 
2.130000 0.002971 
2.135000 0.015241 
2.140000 0.014783 
2.145000 0.001296 
2.150000 -0.014269 
2.155000 -0.017893 
2.160000 -0.008389 
2.165000 0.002425 
2.170000 0.006093 
2.175000 0.004218 
2.180000 0.000468 
2.185000 -0.003843 
2.190000 -0.007108 
2.195000 -0.006599 
2.200000 -0.000446 
2.205000 0.008863 
2.210000 0.012957 
2.215000 0.005243 
2.220000 -0.008615 
2.225000 -0.015643 
2.230000 -0.011497 
2.235000 -0.003616 
2.240000 0.001183 
2.245000 0.003834 
2.250000 0.006491 
2.255000 0.005932 
2.260000 -0.001810 
2.265000 -0.012423 
2.270000 -0.015289 
2.275000 -0.006772 
2.280000 0.003370 
2.285000 0.003442 
2.290000 -0.005521 
2.295000 -0.011289 
2.300000 -0.005795 
2.305000 0.005430 
2.310000 0.011057 
2.315000 0.007256 
2.320000 -0.001342 
2.325000 -0.010277 
2.330000 -0.016881 
2.335000 -0.016141 
2.340000 -0.004701 
2.345000 0.010755 
2.350000 0.016653 
2.355000 0.005976 
2.360000 -0.013230 
2.365000 -0.023422 
2.370000 -0.014192 
2.375000 0.005786 
2.380000 0.017455 
2.385000 0.011608 
2.390000 -0.005049 
2.395000 -0.020296 
2.400000 -0.024896 
2.405000 -0.015065 
2.410000 0.004317 
2.415000 0.020444 
2.420000 0.021483 
2.425000 0.005458 
2.430000 -0.017200 
2.435000 -0.028993 
2.440000 -0.019461 
2.445000 0.003061 
2.450000 0.018921 
2.455000 0.016660 
2.460000 0.001052 
2.465000 -0.014810 
2.470000 -0.020135 
2.475000 -0.012721 
2.480000 0.000606 
2.485000 0.010153 
2.490000 0.010004 
2.495000 -0.000152 
2.500000 -0.014558 
2.505000 -0.022352 
2.510000 -0.015625 
2.515000 0.001513 
2.520000 0.015604 
2.525000 0.016278 
2.530000 0.004559 
2.535000 -0.009792 
2.540000 -0.017433 
2.545000 -0.015908 
2.550000 -0.008066 
2.555000 0.002379 
2.560000 0.011000 
2.565000 0.011912 
2.570000 0.002446 
2.575000 -0.011744 
2.580000 -0.019731 
2.585000 -0.015021 
2.590000 -0.001901 
2.595000 0.008675 
2.600000 0.009631 
2.605000 0.002775 
2.610000 -0.005838 
2.615000 -0.011317 
2.620000 -0.010641 
2.625000 -0.003421 
2.630000 0.005894 
2.635000 0.009910 
2.640000 0.004473 
2.645000 -0.006882 
2.650000 -0.014771 
2.655000 -0.012055 
2.660000 -0.001294 
2.665000 0.007941 
2.670000 0.009293 
2.675000 0.004070 
2.680000 -0.002992 
2.685000 -0.007745 
2.690000 -0.007642 
2.695000 -0.003230 
2.700000 0.001526 
2.705000 0.002409 
2.710000 -0.001382 
2.715000 -0.006154 
2.720000 -0.006407 
2.725000 -0.000692 
2.730000 0.005618 
2.735000 0.006026 
2.740000 0.000237 
2.745000 -0.006392 
2.750000 -0.008714 
2.755000 -0.005326 
2.760000 0.001232 
2.765000 0.006140 
2.770000 0.005635 
2.775000 -0.000049 
2.780000 -0.006512 
2.785000 -0.008042 
2.790000 -0.002585 
2.795000 0.005079 
2.800000 0.007160 
2.805000 0.000864 
2.810000 -0.008797 
2.815000 -0.013915 
2.820000 -0.010130 
2.825000 0.000457 
2.830000 0.010976 
2.835000 0.014631 
2.840000 0.008933 
2.845000 -0.003058 
2.850000 -0.013869 
2.855000 -0.015699 
2.860000 -0.006890 
2.865000 0.005807 
2.870000 0.013133 
2.875000 0.010803 
2.880000 0.001341 
2.885000 -0.008695 
2.890000 -0.012831 
2.895000 -0.008564 
2.900000 0.001233 
2.905000 0.010187 
2.910000 0.011850 
2.915000 0.004034 
2.920000 -0.008042 
2.925000 -0.014894 
2.930000 -0.011153 
2.935000 0.000055 
2.940000 0.010807 
2.945000 0.014373 
2.950000 0.008637 
2.955000 -0.003017 
2.960000 -0.013335 
2.965000 -0.015441 
2.970000 -0.007405 
2.975000 0.005754 
2.980000 0.014719 
2.985000 0.012800 
2.990000 0.001692 
2.995000 -0.009995 
3.000000 -0.014025 
3.005000 -0.008372 
3.010000 0.002381 
3.015000 0.010638 
3.020000 0.010534 
3.025000 0.001791 
3.030000 -0.009396 
3.035000 -0.014248 
3.040000 -0.008486 
3.045000 0.003588 
3.050000 0.012739 
3.055000 0.012593 
3.060000 0.003929 
3.065000 -0.007021 
3.070000 -0.013277 
3.075000 -0.011366 
3.080000 -0.002940 
3.085000 0.006582 
3.090000 0.011061 
3.095000 0.007520 
3.100000 -0.000882 
3.105000 -0.007045 
3.110000 -0.006999 
3.115000 -0.003257 
3.120000 -0.000175 
3.125000 0.001107 
3.130000 0.001643 
3.135000 0.001695 
3.140000 0.000784 
3.145000 -0.000650 
3.150000 -0.001060 
3.155000 0.000362 
3.160000 0.001874 
3.165000 0.000926 
3.170000 -0.001721 
3.175000 -0.002434 
3.180000 -0.000355 
3.185000 0.000997 
3.190000 -0.000620 
3.195000 -0.002617 
3.200000 -0.001610 
3.205000 0.001780 
3.210000 0.004026 
3.215000 0.003070 
3.220000 0.000207 
3.225000 -0.002161 
3.230000 -0.003470 
3.235000 -0.004342 
3.240000 -0.003792 
3.245000 -0.000082 
3.250000 0.005049 
3.255000 0.006514 
3.260000 0.002008 
3.265000 -0.004515 
3.270000 -0.007335 
3.275000 -0.005004 
3.280000 -0.000430 
3.285000 0.003217 
3.290000 0.004671 
3.295000 0.003564 
3.300000 -0.000289 
3.305000 -0.005510 
3.310000 -0.008286 
3.315000 -0.005176 
3.320000 0.002378 
3.325000 0.008017 
3.330000 0.006627 
3.335000 -0.000388 
3.340000 -0.007144 
3.345000 -0.009110 
3.350000 -0.005544 
3.355000 0.001565 
3.360000 0.008300 
3.365000 0.009964 
3.370000 0.004394 
3.375000 -0.005295 
3.380000 -0.012219 
3.385000 -0.010836 
3.390000 -0.001712 
3.395000 0.008410 
3.400000 0.012176 
3.405000 0.007595 
3.410000 -0.001578 
3.415000 -0.009623 
3.420000 -0.011838 
3.425000 -0.006553 
3.430000 0.002927 
3.435000 0.009683 
3.440000 0.008846 
3.445000 0.001717 
3.450000 -0.005914 
3.455000 -0.008621 
3.460000 -0.004968 
3.465000 0.001973 
3.470000 0.007243 
3.475000 0.007462 
3.480000 0.002396 
3.485000 -0.005101 
3.490000 -0.009984 
3.495000 -0.008142 
3.500000 -0.000611 
3.505000 0.006635 
3.510000 0.008353 
3.515000 0.004467 
3.520000 -0.001343 
3.525000 -0.005523 
3.530000 -0.006424 
3.535000 -0.004042 
3.540000 0.000326 
3.545000 0.004200 
3.550000 0.004879 
3.555000 0.001609 
3.560000 -0.002977 
3.565000 -0.004854 
3.570000 -0.002720 
3.575000 0.000823 
3.580000 0.002668 
3.585000 0.002331 
3.590000 0.000968 
3.595000 -0.000841 
3.600000 -0.002768 
3.605000 -0.003545 
3.610000 -0.002008 
3.615000 0.001006 
3.620000 0.003075 
3.625000 0.002639 
3.630000 0.000483 
3.635000 -0.001353 
3.640000 -0.001907 
3.645000 -0.001923 
3.650000 -0.001949 
3.655000 -0.001125 
3.660000 0.001047 
3.665000 0.003025 
3.670000 0.002942 
3.675000 0.000984 
3.680000 -0.001230 
3.685000 -0.002606 
3.690000 -0.002843 
3.695000 -0.001781 
3.700000 0.000410 
3.705000 0.002691 
3.710000 0.003380 
3.715000 0.001441 
3.720000 -0.002008 
3.725000 -0.004090 
3.730000 -0.003016 
3.735000 0.000074 
3.740000 0.002708 
3.745000 0.003446 
3.750000 0.002084 
3.755000 -0.000878 
3.760000 -0.003878 
3.765000 -0.004603 
3.770000 -0.001916 
3.775000 0.002607 
3.780000 0.005569 
3.785000 0.004473 
3.790000 -0.000031 
3.795000 -0.004619 
3.800000 -0.006160 
3.805000 -0.004004 
3.810000 0.000299 
3.815000 0.004394 
3.820000 0.005936 
3.825000 0.003579 
3.830000 -0.001495 
3.835000 -0.005628 
3.840000 -0.005541 
3.845000 -0.001363 
3.850000 0.003516 
3.855000 0.005489 
3.860000 0.003482 
3.865000 -0.000746 
3.870000 -0.004330 
3.875000 -0.005178 
3.880000 -0.002778 
3.885000 0.001730 
3.890000 0.005674 
3.895000 0.006037 
3.900000 0.002052 
3.905000 -0.003424 
3.910000 -0.006199 
3.915000 -0.004509 
3.920000 -0.000113 
3.925000 0.003751 
3.930000 0.004775 
3.935000 0.002649 
3.940000 -0.001107 
3.945000 -0.004104 
3.950000 -0.004396 
3.955000 -0.001636 
3.960000 0.002367 
3.965000 0.004615 
3.970000 0.003414 
3.975000 -0.000003 
3.980000 -0.002861 
3.985000 -0.003455 
3.990000 -0.001946 
3.995000 0.000533 
4.000000 0.002559 
4.005000 0.002841 
4.010000 0.001051 
4.015000 -0.001639 
4.020000 -0.003273 
4.025000 -0.002660 
4.030000 -0.000408 
4.035000 0.001655 
4.040000 0.002233 
4.045000 0.001495 
4.050000 0.000246 
4.055000 -0.001059 
4.060000 -0.001992 
4.065000 -0.001793 
4.070000 -0.000255 
4.075000 0.001501 
4.080000 0.001992 
4.085000 0.001004 
4.090000 -0.000336 
4.095000 -0.000996 
4.100000 -0.001009 
4.105000 -0.000871 
4.110000 -0.000545 
4.115000 0.000325 
4.120000 0.001366 
4.125000 0.001479 
4.130000 0.000278 
4.135000 -0.001134 
4.140000 -0.001418 
4.145000 -0.000580 
4.150000 0.000351 
4.155000 0.000808 
4.160000 0.000999 
4.165000 0.000948 
4.170000 0.000204 
4.175000 -0.001213 
4.180000 -0.002255 
4.185000 -0.001797 
4.190000 0.000025 
4.195000 0.001791 
4.200000 0.002186 
4.205000 0.001154 
4.210000 -0.000403 
4.215000 -0.001669 
4.220000 -0.002202 
4.225000 -0.001628 
4.230000 0.000041 
4.235000 0.001790 
4.240000 0.002133 
4.245000 0.000602 
4.250000 -0.001645 
4.255000 -0.002836 
4.260000 -0.002076 
4.265000 0.000011 
4.270000 0.001903 
4.275000 0.002391 
4.280000 0.001310 
4.285000 -0.000627 
4.290000 -0.002256 
4.295000 -0.002431 
4.300000 -0.000825 
4.305000 0.001489 
4.310000 0.002748 
4.315000 0.002034 
4.320000 -0.000011 
4.325000 -0.001849 
4.330000 -0.002253 
4.335000 -0.001078 
4.340000 0.000800 
4.345000 0.002191 
4.350000 0.002280 
4.355000 0.000962 
4.360000 -0.001011 
4.365000 -0.002261 
4.370000 -0.001796 
4.375000 -0.000008 
4.380000 0.001661 
4.385000 0.002089 
4.390000 0.001287 
4.395000 -0.000006 
4.400000 -0.001064 
4.405000 -0.001449 
4.410000 -0.000954 
4.415000 0.000261 
4.420000 0.001452 
4.425000 0.001628 
4.430000 0.000518 
4.435000 -0.000942 
4.440000 -0.001498 
4.445000 -0.000850 
4.450000 0.000276 
4.455000 0.001110 
4.460000 0.001388 
4.465000 0.001058 
4.470000 0.000100 
4.475000 -0.001093 
4.480000 -0.001641 
4.485000 -0.000962 
4.490000 0.000453 
4.495000 0.001421 
4.500000 0.001255 
4.505000 0.000365 
4.510000 -0.000391 
4.515000 -0.000614 
4.520000 -0.000429 
4.525000 0.000002 
4.530000 0.000547 
4.535000 0.000852 
4.540000 0.000552 
4.545000 -0.000176 
4.550000 -0.000668 
4.555000 -0.000503 
4.560000 0.000059 
4.565000 0.000489 
4.570000 0.000600 
4.575000 0.000564 
4.580000 0.000473 
4.585000 0.000218 
4.590000 -0.000180 
4.595000 -0.000419 
4.600000 -0.000279 
4.605000 0.000061 
4.610000 0.000293 
4.615000 0.000389 
4.620000 0.000490 
4.625000 0.000519 
4.630000 0.000253 
4.635000 -0.000209 
4.640000 -0.000404 
4.645000 -0.000083 
4.650000 0.000405 
4.655000 0.000520 
4.660000 0.000176 
4.665000 -0.000237 
4.670000 -0.000369 
4.675000 -0.000219 
4.680000 0.000078 
4.685000 0.000480 
4.690000 0.000865 
4.695000 0.000866 
4.700000 0.000244 
4.705000 -0.000633 
4.710000 -0.001030 
4.715000 -0.000641 
4.720000 0.000109 
4.725000 0.000611 
4.730000 0.000675 
4.735000 0.000504 
4.740000 0.000274 
4.745000 0.000005 
4.750000 -0.000224 
4.755000 -0.000197 
4.760000 0.000123 
4.765000 0.000404 
4.770000 0.000311 
4.775000 -0.000059 
4.780000 -0.000310 
4.785000 -0.000234 
4.790000 0.000023 
4.795000 0.000236 
4.800000 0.000350 
4.805000 0.000400 
4.810000 0.000324 
4.815000 0.000038 
4.820000 -0.000322 
4.825000 -0.000437 
4.830000 -0.000166 
4.835000 0.000252 
4.840000 0.000462 
4.845000 0.000363 
4.850000 0.000127 
4.855000 -0.000057 
4.860000 -0.000146 
4.865000 -0.000148 
4.870000 -0.000030 
4.875000 0.000183 
4.880000 0.000315 
4.885000 0.000187 
4.890000 -0.000126 
4.895000 -0.000321 
4.900000 -0.000217 
4.905000 0.000042 
4.910000 0.000194 
4.915000 0.000172 
4.920000 0.000098 
4.925000 0.000050 
4.930000 -0.000008 
4.935000 -0.000085 
4.940000 -0.000089 
4.945000 0.000017 
4.950000 0.000120 
4.955000 0.000093 
4.960000 -0.000026 
4.965000 -0.000088 
4.970000 -0.000035 
4.975000 0.000041 
4.980000 0.000050 
4.985000 0.000016 
4.990000 0.000001 
4.995000 0.000005 
