# Time(ps) Norm. Int.(No Units) 
0.000000 1.000000 
0.005000 0.519196 
0.010000 -0.023241 
0.015000 -0.026094 
0.020000 0.131374 
0.025000 -0.002617 
0.030000 -0.016480 
0.035000 0.077080 
0.040000 0.010891 
0.045000 0.045506 
0.050000 0.142762 
0.055000 0.104167 
0.060000 -0.089471 
0.065000 0.014806 
0.070000 0.066553 
0.075000 0.018035 
0.080000 0.015282 
0.085000 0.128905 
0.090000 0.060839 
0.095000 -0.023011 
0.100000 0.078489 
0.105000 0.044194 
0.110000 -0.102481 
0.115000 -0.152456 
0.120000 0.017794 
0.125000 -0.020825 
0.130000 -0.076529 
0.135000 -0.034828 
0.140000 0.117282 
0.145000 0.123278 
0.150000 0.053000 
0.155000 0.016302 
0.160000 -0.012068 
0.165000 -0.013227 
0.170000 -0.078747 
0.175000 -0.063969 
0.180000 -0.079399 
0.185000 -0.032559 
0.190000 -0.036658 
0.195000 0.029175 
0.200000 0.043739 
0.205000 0.053660 
0.210000 0.058204 
0.215000 0.017360 
0.220000 -0.038437 
0.225000 -0.055599 
0.230000 0.056196 
0.235000 0.045237 
0.240000 0.025185 
0.245000 0.001089 
0.250000 0.034825 
0.255000 -0.019740 
0.260000 0.009857 
0.265000 0.046521 
0.270000 -0.036282 
0.275000 -0.108051 
0.280000 -0.006704 
0.285000 0.172795 
0.290000 0.110135 
0.295000 0.000865 
0.300000 -0.067224 
0.305000 -0.017446 
0.310000 -0.015864 
0.315000 0.015768 
0.320000 -0.001460 
0.325000 -0.035021 
0.330000 -0.038295 
0.335000 -0.004983 
0.340000 0.040847 
0.345000 -0.007747 
0.350000 -0.030072 
0.355000 -0.033267 
0.360000 0.055205 
0.365000 0.040207 
0.370000 0.000048 
0.375000 -0.027648 
0.380000 0.007334 
0.385000 -0.006119 
0.390000 -0.040372 
0.395000 -0.015661 
0.400000 -0.007005 
0.405000 0.011553 
0.410000 -0.009423 
0.415000 0.000060 
0.420000 -0.027634 
0.425000 0.027538 
0.430000 0.045210 
0.435000 0.024610 
0.440000 0.011069 
0.445000 0.050384 
0.450000 0.033551 
0.455000 -0.035046 
0.460000 0.002694 
0.465000 0.011774 
0.470000 -0.037486 
0.475000 -0.064686 
0.480000 0.060761 
0.485000 0.074220 
0.490000 -0.013022 
0.495000 -0.051891 
0.500000 0.013498 
0.505000 0.035079 
0.510000 0.010688 
0.515000 0.036747 
0.520000 0.040046 
0.525000 0.035223 
0.530000 0.002414 
0.535000 0.014784 
0.540000 0.006807 
0.545000 0.040475 
0.550000 0.043880 
0.555000 0.010498 
0.560000 -0.048778 
0.565000 -0.064365 
0.570000 -0.017289 
0.575000 0.020924 
0.580000 0.050381 
0.585000 0.043644 
0.590000 0.059452 
0.595000 0.010518 
0.600000 -0.045545 
0.605000 -0.067137 
0.610000 -0.014894 
0.615000 -0.003173 
0.620000 -0.023372 
0.625000 -0.010990 
0.630000 -0.001998 
0.635000 -0.003962 
0.640000 -0.003199 
0.645000 0.022559 
0.650000 -0.029644 
0.655000 -0.054466 
0.660000 -0.013840 
0.665000 0.041070 
0.670000 0.013503 
0.675000 -0.012164 
0.680000 -0.001447 
0.685000 -0.000322 
0.690000 0.004161 
0.695000 0.000480 
0.700000 -0.007874 
0.705000 -0.034847 
0.710000 -0.014378 
0.715000 -0.014390 
0.720000 -0.026480 
0.725000 -0.028075 
0.730000 0.005955 
0.735000 0.030211 
0.740000 0.034796 
0.745000 0.021956 
0.750000 -0.025591 
0.755000 -0.036003 
0.760000 0.001419 
0.765000 0.053090 
0.770000 0.026228 
0.775000 -0.029777 
0.780000 -0.050871 
0.785000 0.012729 
0.790000 0.066279 
0.795000 0.019314 
0.800000 -0.045886 
0.805000 -0.024561 
0.810000 0.023858 
0.815000 -0.000186 
0.820000 0.019361 
0.825000 0.073641 
0.830000 0.042008 
0.835000 -0.037881 
0.840000 0.007493 
0.845000 0.062603 
0.850000 -0.013736 
0.855000 -0.071420 
0.860000 -0.017281 
0.865000 0.014713 
0.870000 -0.014057 
0.875000 0.025998 
0.880000 0.058775 
0.885000 0.015636 
0.890000 -0.020037 
0.895000 -0.006114 
0.900000 -0.019564 
0.905000 -0.015852 
0.910000 0.030899 
0.915000 0.008241 
0.920000 -0.041389 
0.925000 -0.005792 
0.930000 0.029378 
0.935000 -0.047383 
0.940000 -0.067205 
0.945000 0.020567 
0.950000 0.040258 
0.955000 -0.023859 
0.960000 -0.012646 
0.965000 0.041737 
0.970000 0.018480 
0.975000 -0.011796 
0.980000 -0.002932 
0.985000 -0.000289 
0.990000 -0.015088 
0.995000 -0.012309 
1.000000 -0.031974 
1.005000 -0.047145 
1.010000 -0.004516 
1.015000 0.031722 
1.020000 0.016405 
1.025000 0.010373 
1.030000 0.031836 
1.035000 -0.005366 
1.040000 -0.051115 
1.045000 -0.027008 
1.050000 0.026159 
1.055000 0.020763 
1.060000 -0.013469 
1.065000 -0.019974 
1.070000 -0.000806 
1.075000 0.023937 
1.080000 0.014640 
1.085000 -0.006229 
1.090000 -0.006898 
1.095000 0.011838 
1.100000 -0.003346 
1.105000 -0.008588 
1.110000 0.025448 
1.115000 0.036171 
1.120000 -0.002958 
1.125000 -0.014101 
1.130000 0.028402 
1.135000 0.019758 
1.140000 -0.036955 
1.145000 -0.058433 
1.150000 -0.012440 
1.155000 0.009171 
1.160000 -0.003364 
1.165000 -0.000694 
1.170000 0.022573 
1.175000 0.013543 
1.180000 -0.019593 
1.185000 -0.005507 
1.190000 0.020239 
1.195000 0.003087 
1.200000 -0.042259 
1.205000 -0.031596 
1.210000 -0.001778 
1.215000 0.015991 
1.220000 0.025109 
1.225000 0.027710 
1.230000 0.009097 
1.235000 -0.003804 
1.240000 0.002599 
1.245000 -0.015301 
1.250000 -0.009605 
1.255000 0.027109 
1.260000 0.034244 
1.265000 -0.013870 
1.270000 -0.000220 
1.275000 0.042469 
1.280000 0.015548 
1.285000 -0.029409 
1.290000 -0.015990 
1.295000 -0.011663 
1.300000 -0.037545 
1.305000 0.016538 
1.310000 0.067436 
1.315000 0.022328 
1.320000 -0.028015 
1.325000 0.018146 
1.330000 0.024116 
1.335000 -0.022916 
1.340000 -0.007510 
1.345000 0.027582 
1.350000 -0.008454 
1.355000 -0.033097 
1.360000 0.016561 
1.365000 0.013547 
1.370000 -0.017064 
1.375000 0.001759 
1.380000 0.027165 
1.385000 -0.017002 
1.390000 -0.022611 
1.395000 0.018964 
1.400000 0.015756 
1.405000 -0.003463 
1.410000 0.017598 
1.415000 0.023211 
1.420000 -0.022202 
1.425000 -0.010349 
1.430000 0.022593 
1.435000 0.006348 
1.440000 -0.038248 
1.445000 -0.024548 
1.450000 0.003232 
1.455000 0.016245 
1.460000 0.023242 
1.465000 0.011057 
1.470000 -0.002540 
1.475000 0.002456 
1.480000 0.016111 
1.485000 -0.012334 
1.490000 -0.016134 
1.495000 0.006186 
1.500000 0.015493 
1.505000 -0.006081 
1.510000 0.001737 
1.515000 0.019099 
1.520000 0.005198 
1.525000 -0.005679 
1.530000 0.005622 
1.535000 0.023036 
1.540000 0.004042 
1.545000 -0.005558 
1.550000 0.005040 
1.555000 0.038027 
1.560000 0.030248 
1.565000 -0.007018 
1.570000 -0.020199 
1.575000 0.007477 
1.580000 0.014290 
1.585000 -0.017062 
1.590000 -0.006831 
1.595000 0.025145 
1.600000 0.025526 
1.605000 -0.015170 
1.610000 -0.014136 
1.615000 -0.000544 
1.620000 -0.002490 
1.625000 -0.011768 
1.630000 0.001849 
1.635000 0.013329 
1.640000 0.000736 
1.645000 -0.007227 
1.650000 -0.010655 
1.655000 -0.000156 
1.660000 0.001472 
1.665000 0.014888 
1.670000 0.017108 
1.675000 0.014364 
1.680000 -0.005876 
1.685000 -0.019470 
1.690000 -0.016739 
1.695000 -0.004043 
1.700000 0.010055 
1.705000 0.007412 
1.710000 0.006936 
1.715000 0.001080 
1.720000 0.005997 
1.725000 -0.006836 
1.730000 -0.012598 
1.735000 -0.007055 
1.740000 0.011211 
1.745000 0.012078 
1.750000 0.002459 
1.755000 0.000250 
1.760000 -0.005761 
1.765000 -0.002070 
1.770000 0.004805 
1.775000 0.016028 
1.780000 0.002155 
1.785000 0.000016 
1.790000 0.001460 
1.795000 0.002164 
1.800000 -0.001556 
1.805000 0.005523 
1.810000 0.003488 
1.815000 -0.014349 
1.820000 -0.007633 
1.825000 0.007294 
1.830000 0.011315 
1.835000 -0.003507 
1.840000 0.002602 
1.845000 -0.000920 
1.850000 -0.006915 
1.855000 -0.003406 
1.860000 0.010457 
1.865000 0.007117 
1.870000 -0.000422 
1.875000 0.012372 
1.880000 0.012324 
1.885000 -0.002342 
1.890000 -0.016452 
1.895000 0.001106 
1.900000 0.006770 
1.905000 -0.003386 
1.910000 -0.017212 
1.915000 -0.002196 
1.920000 0.017570 
1.925000 0.012417 
1.930000 -0.004057 
1.935000 -0.008257 
1.940000 0.002290 
1.945000 -0.008041 
1.950000 -0.009619 
1.955000 0.003173 
1.960000 0.019699 
1.965000 0.004814 
1.970000 -0.004364 
1.975000 0.007954 
1.980000 0.017906 
1.985000 0.001451 
1.990000 -0.019371 
1.995000 -0.007022 
2.000000 0.008808 
2.005000 0.008698 
2.010000 -0.007202 
2.015000 0.001679 
2.020000 0.006577 
2.025000 -0.004276 
2.030000 -0.014868 
2.035000 0.003074 
2.040000 0.018773 
2.045000 0.003643 
2.050000 -0.015211 
2.055000 -0.018029 
2.060000 0.002168 
2.065000 0.014242 
2.070000 0.014746 
2.075000 -0.003500 
2.080000 -0.006533 
2.085000 -0.003180 
2.090000 -0.006269 
2.095000 -0.010125 
2.100000 0.001304 
2.105000 0.009944 
2.110000 0.001303 
2.115000 0.008919 
2.120000 0.013990 
2.125000 0.001390 
2.130000 -0.012955 
2.135000 0.003742 
2.140000 0.004558 
2.145000 -0.008912 
2.150000 -0.003397 
2.155000 0.007230 
2.160000 -0.003125 
2.165000 -0.000798 
2.170000 0.023293 
2.175000 0.005541 
2.180000 -0.019219 
2.185000 0.000257 
2.190000 0.025829 
2.195000 -0.003334 
2.200000 -0.016852 
2.205000 0.006054 
2.210000 0.007793 
2.215000 -0.004197 
2.220000 0.014270 
2.225000 0.021363 
2.230000 -0.017030 
2.235000 -0.023004 
2.240000 0.003533 
2.245000 0.006239 
2.250000 -0.009850 
2.255000 0.006454 
2.260000 0.012058 
2.265000 -0.004181 
2.270000 -0.001976 
2.275000 0.003441 
2.280000 -0.016104 
2.285000 -0.020394 
2.290000 0.010826 
2.295000 0.009430 
2.300000 -0.011660 
2.305000 -0.008215 
2.310000 0.003762 
2.315000 -0.009824 
2.320000 -0.002830 
2.325000 0.016924 
2.330000 -0.001136 
2.335000 -0.024490 
2.340000 -0.006786 
2.345000 0.011166 
2.350000 -0.010015 
2.355000 -0.011580 
2.360000 0.008799 
2.365000 0.007983 
2.370000 -0.012987 
2.375000 -0.007466 
2.380000 0.003707 
2.385000 -0.004989 
2.390000 -0.014368 
2.395000 -0.008861 
2.400000 0.003640 
2.405000 0.005622 
2.410000 0.000834 
2.415000 -0.007711 
2.420000 -0.000618 
2.425000 0.003328 
2.430000 -0.006771 
2.435000 -0.014016 
2.440000 0.000489 
2.445000 0.007362 
2.450000 -0.006599 
2.455000 -0.008637 
2.460000 0.001676 
2.465000 0.002087 
2.470000 -0.008248 
2.475000 -0.001972 
2.480000 0.004415 
2.485000 0.000787 
2.490000 -0.008215 
2.495000 -0.010543 
2.500000 -0.006824 
2.505000 0.002634 
2.510000 0.006459 
2.515000 -0.006730 
2.520000 -0.013082 
2.525000 -0.004644 
2.530000 0.002362 
2.535000 -0.006166 
2.540000 -0.004893 
2.545000 0.002723 
2.550000 0.000623 
2.555000 -0.007059 
2.560000 -0.003858 
2.565000 0.000039 
2.570000 -0.007422 
2.575000 -0.009463 
2.580000 -0.003808 
2.585000 0.000897 
2.590000 -0.003651 
2.595000 -0.006303 
2.600000 -0.009463 
2.605000 -0.006155 
2.610000 0.004345 
2.615000 0.008509 
2.620000 -0.003149 
2.625000 -0.010809 
2.630000 0.000201 
2.635000 0.003349 
2.640000 -0.006317 
2.645000 -0.005543 
2.650000 0.009780 
2.655000 0.003581 
2.660000 -0.013461 
2.665000 -0.008089 
2.670000 0.006914 
2.675000 -0.001491 
2.680000 -0.011797 
2.685000 0.003416 
2.690000 0.011475 
2.695000 -0.003334 
2.700000 -0.009233 
2.705000 0.007923 
2.710000 0.009897 
2.715000 -0.005196 
2.720000 -0.011197 
2.725000 -0.006642 
2.730000 -0.007395 
2.735000 -0.006355 
2.740000 0.002247 
2.745000 0.005172 
2.750000 0.004124 
2.755000 0.002119 
2.760000 -0.001579 
2.765000 -0.005215 
2.770000 0.001501 
2.775000 0.003365 
2.780000 -0.005491 
2.785000 -0.005760 
2.790000 0.006057 
2.795000 0.006505 
2.800000 -0.003782 
2.805000 -0.000694 
2.810000 0.003238 
2.815000 -0.006920 
2.820000 -0.013591 
2.825000 -0.000800 
2.830000 0.005195 
2.835000 -0.002902 
2.840000 -0.002655 
2.845000 0.007212 
2.850000 0.006308 
2.855000 -0.002076 
2.860000 -0.001576 
2.865000 -0.001976 
2.870000 -0.007453 
2.875000 -0.007671 
2.880000 -0.000109 
2.885000 0.000062 
2.890000 -0.002740 
2.895000 0.001508 
2.900000 0.006265 
2.905000 0.002849 
2.910000 -0.002870 
2.915000 -0.003728 
2.920000 -0.004297 
2.925000 -0.002978 
2.930000 -0.000798 
2.935000 -0.000753 
2.940000 -0.004475 
2.945000 -0.003995 
2.950000 0.000528 
2.955000 0.003055 
2.960000 0.000804 
2.965000 -0.004399 
2.970000 -0.006563 
2.975000 -0.004184 
2.980000 -0.000480 
2.985000 -0.001044 
2.990000 0.001032 
2.995000 0.004872 
3.000000 0.001577 
3.005000 -0.006286 
3.010000 -0.003805 
3.015000 0.002755 
3.020000 -0.003040 
3.025000 -0.009743 
3.030000 -0.003814 
3.035000 0.001890 
3.040000 -0.004798 
3.045000 -0.005651 
3.050000 0.004193 
3.055000 0.008327 
3.060000 0.002701 
3.065000 -0.000722 
3.070000 -0.002174 
3.075000 -0.005294 
3.080000 -0.003740 
3.085000 -0.000149 
3.090000 0.000812 
3.095000 0.001264 
3.100000 0.002382 
3.105000 -0.001571 
3.110000 -0.001643 
3.115000 0.004943 
3.120000 0.002414 
3.125000 -0.008349 
3.130000 -0.005520 
3.135000 0.005567 
3.140000 0.000440 
3.145000 -0.006854 
3.150000 0.002390 
3.155000 0.009161 
3.160000 -0.001849 
3.165000 -0.006378 
3.170000 0.000524 
3.175000 -0.002858 
3.180000 -0.009576 
3.185000 0.000461 
3.190000 0.011614 
3.195000 0.004057 
3.200000 -0.003612 
3.205000 -0.000670 
3.210000 -0.000303 
3.215000 -0.004348 
3.220000 0.000154 
3.225000 0.005210 
3.230000 0.001205 
3.235000 -0.002332 
3.240000 -0.000735 
3.245000 -0.001074 
3.250000 -0.002923 
3.255000 0.000012 
3.260000 0.001050 
3.265000 -0.000658 
3.270000 0.000051 
3.275000 0.001813 
3.280000 -0.000496 
3.285000 -0.000357 
3.290000 0.003834 
3.295000 0.003162 
3.300000 -0.000382 
3.305000 0.000404 
3.310000 0.001847 
3.315000 -0.002258 
3.320000 -0.002058 
3.325000 0.003653 
3.330000 0.004495 
3.335000 -0.000689 
3.340000 -0.000961 
3.345000 0.002123 
3.350000 0.000881 
3.355000 -0.000443 
3.360000 0.001093 
3.365000 0.001595 
3.370000 0.000153 
3.375000 0.002624 
3.380000 0.003793 
3.385000 0.000395 
3.390000 -0.002073 
3.395000 -0.000208 
3.400000 -0.000060 
3.405000 -0.001615 
3.410000 0.000439 
3.415000 0.002040 
3.420000 0.000388 
3.425000 -0.000454 
3.430000 0.002924 
3.435000 0.003696 
3.440000 0.000806 
3.445000 -0.002627 
3.450000 -0.002962 
3.455000 -0.000252 
3.460000 0.001108 
3.465000 -0.002849 
3.470000 -0.005543 
3.475000 0.001414 
3.480000 0.005359 
3.485000 -0.002497 
3.490000 -0.007324 
3.495000 0.001947 
3.500000 0.005432 
3.505000 -0.003307 
3.510000 -0.004219 
3.515000 0.004376 
3.520000 0.002413 
3.525000 -0.005664 
3.530000 -0.000774 
3.535000 0.005433 
3.540000 -0.001265 
3.545000 -0.008358 
3.550000 -0.003341 
3.555000 0.000950 
3.560000 -0.000582 
3.565000 -0.000986 
3.570000 -0.000134 
3.575000 -0.000939 
3.580000 -0.000835 
3.585000 -0.000903 
3.590000 -0.003651 
3.595000 -0.001576 
3.600000 0.002051 
3.605000 -0.001880 
3.610000 -0.007174 
3.615000 -0.001538 
3.620000 0.002778 
3.625000 -0.003433 
3.630000 -0.005373 
3.635000 0.002203 
3.640000 0.003454 
3.645000 -0.003489 
3.650000 -0.003525 
3.655000 -0.000423 
3.660000 -0.001923 
3.665000 -0.002430 
3.670000 0.001406 
3.675000 -0.000257 
3.680000 -0.004621 
3.685000 -0.003453 
3.690000 -0.002027 
3.695000 -0.004364 
3.700000 -0.003466 
3.705000 0.001011 
3.710000 -0.000176 
3.715000 -0.002233 
3.720000 0.000171 
3.725000 0.001256 
3.730000 -0.003046 
3.735000 -0.003640 
3.740000 0.000421 
3.745000 0.001235 
3.750000 -0.001711 
3.755000 -0.003512 
3.760000 -0.002496 
3.765000 -0.000886 
3.770000 0.000409 
3.775000 -0.001147 
3.780000 -0.002092 
3.785000 -0.001218 
3.790000 -0.001857 
3.795000 -0.004218 
3.800000 -0.001537 
3.805000 0.002891 
3.810000 0.000205 
3.815000 -0.003417 
3.820000 -0.000510 
3.825000 0.001294 
3.830000 -0.004582 
3.835000 -0.006069 
3.840000 -0.000346 
3.845000 0.001738 
3.850000 -0.001767 
3.855000 -0.001580 
3.860000 0.000342 
3.865000 -0.001498 
3.870000 -0.002092 
3.875000 0.000299 
3.880000 0.000531 
3.885000 -0.001996 
3.890000 -0.001692 
3.895000 -0.000957 
3.900000 -0.001459 
3.905000 -0.002001 
3.910000 -0.002439 
3.915000 -0.002909 
3.920000 -0.000200 
3.925000 0.002560 
3.930000 -0.000892 
3.935000 -0.004031 
3.940000 -0.000769 
3.945000 0.001624 
3.950000 -0.002565 
3.955000 -0.002966 
3.960000 0.001588 
3.965000 0.001002 
3.970000 -0.003327 
3.975000 -0.001291 
3.980000 0.001998 
3.985000 -0.001805 
3.990000 -0.004378 
3.995000 -0.000452 
4.000000 0.001615 
4.005000 -0.001768 
4.010000 -0.001552 
4.015000 0.001393 
4.020000 0.000447 
4.025000 -0.002205 
4.030000 -0.001146 
4.035000 0.000017 
4.040000 -0.001352 
4.045000 -0.001334 
4.050000 -0.000561 
4.055000 -0.001655 
4.060000 -0.002499 
4.065000 0.000013 
4.070000 0.001148 
4.075000 -0.000544 
4.080000 -0.001479 
4.085000 -0.000573 
4.090000 -0.000924 
4.095000 -0.001591 
4.100000 -0.000452 
4.105000 -0.000087 
4.110000 -0.001220 
4.115000 -0.001716 
4.120000 -0.000997 
4.125000 -0.001544 
4.130000 -0.001482 
4.135000 -0.000322 
4.140000 -0.000389 
4.145000 -0.001624 
4.150000 -0.000910 
4.155000 0.000074 
4.160000 -0.001306 
4.165000 -0.001269 
4.170000 0.000959 
4.175000 0.000735 
4.180000 -0.002008 
4.185000 -0.001105 
4.190000 0.000907 
4.195000 -0.000654 
4.200000 -0.001926 
4.205000 0.000488 
4.210000 0.000574 
4.215000 -0.002950 
4.220000 -0.002659 
4.225000 0.000698 
4.230000 0.000690 
4.235000 -0.001305 
4.240000 -0.000211 
4.245000 0.000470 
4.250000 -0.001240 
4.255000 -0.001761 
4.260000 -0.000447 
4.265000 -0.000497 
4.270000 -0.001115 
4.275000 -0.000554 
4.280000 -0.000343 
4.285000 -0.000248 
4.290000 -0.000051 
4.295000 -0.000659 
4.300000 -0.001234 
4.305000 0.000264 
4.310000 0.000299 
4.315000 -0.002091 
4.320000 -0.001661 
4.325000 0.001407 
4.330000 0.000705 
4.335000 -0.001964 
4.340000 -0.000320 
4.345000 0.001313 
4.350000 -0.001275 
4.355000 -0.002472 
4.360000 0.000330 
4.365000 0.000268 
4.370000 -0.002302 
4.375000 -0.001056 
4.380000 0.001910 
4.385000 0.001149 
4.390000 -0.000883 
4.395000 -0.000761 
4.400000 -0.000543 
4.405000 -0.000365 
4.410000 0.000436 
4.415000 0.000216 
4.420000 -0.001045 
4.425000 -0.000514 
4.430000 0.000279 
4.435000 -0.000538 
4.440000 -0.000363 
4.445000 0.000985 
4.450000 0.000072 
4.455000 -0.001683 
4.460000 -0.000408 
4.465000 0.000802 
4.470000 -0.000575 
4.475000 -0.000928 
4.480000 0.001033 
4.485000 0.001031 
4.490000 -0.000702 
4.495000 -0.000806 
4.500000 -0.000433 
4.505000 -0.000966 
4.510000 -0.000362 
4.515000 0.001004 
4.520000 0.000147 
4.525000 -0.000938 
4.530000 0.000106 
4.535000 0.000749 
4.540000 -0.000595 
4.545000 -0.000731 
4.550000 0.000548 
4.555000 0.000151 
4.560000 -0.001002 
4.565000 -0.000349 
4.570000 0.000595 
4.575000 -0.000225 
4.580000 -0.000719 
4.585000 0.000237 
4.590000 0.000832 
4.595000 -0.000019 
4.600000 -0.000907 
4.605000 -0.000792 
4.610000 0.000118 
4.615000 0.000783 
4.620000 0.000321 
4.625000 -0.000255 
4.630000 0.000067 
4.635000 0.000296 
4.640000 -0.000468 
4.645000 -0.000474 
4.650000 0.000459 
4.655000 0.000175 
4.660000 -0.001004 
4.665000 -0.000525 
4.670000 0.000722 
4.675000 0.000251 
4.680000 -0.000532 
4.685000 0.000177 
4.690000 0.000689 
4.695000 -0.000341 
4.700000 -0.000886 
4.705000 -0.000182 
4.710000 0.000306 
4.715000 0.000159 
4.720000 0.000131 
4.725000 0.000091 
4.730000 -0.000134 
4.735000 -0.000160 
4.740000 -0.000194 
4.745000 -0.000197 
4.750000 0.000075 
4.755000 0.000160 
4.760000 -0.000329 
4.765000 -0.000335 
4.770000 0.000216 
4.775000 0.000087 
4.780000 -0.000399 
4.785000 -0.000079 
4.790000 0.000213 
4.795000 -0.000397 
4.800000 -0.000517 
4.805000 0.000151 
4.810000 0.000121 
4.815000 -0.000431 
4.820000 -0.000049 
4.825000 0.000456 
4.830000 0.000005 
4.835000 -0.000325 
4.840000 0.000041 
4.845000 0.000018 
4.850000 -0.000373 
4.855000 -0.000115 
4.860000 0.000236 
4.865000 -0.000014 
4.870000 -0.000204 
4.875000 0.000016 
4.880000 -0.000044 
4.885000 -0.000255 
4.890000 -0.000070 
4.895000 0.000142 
4.900000 0.000012 
4.905000 -0.000092 
4.910000 -0.000041 
4.915000 -0.000112 
4.920000 -0.000129 
4.925000 0.000020 
4.930000 0.000068 
4.935000 -0.000032 
4.940000 -0.000035 
4.945000 -0.000029 
4.950000 -0.000110 
4.955000 -0.000080 
4.960000 0.000049 
4.965000 0.000052 
4.970000 -0.000028 
4.975000 -0.000020 
4.980000 -0.000003 
4.985000 -0.000026 
4.990000 -0.000016 
4.995000 0.000005 
