# Time(ps) Norm. Int.(No Units) 
0.000000 1.000000 
0.005000 0.681865 
0.010000 0.152844 
0.015000 -0.036739 
0.020000 -0.000430 
0.025000 -0.052209 
0.030000 -0.108933 
0.035000 -0.010524 
0.040000 0.127566 
0.045000 0.171243 
0.050000 0.160393 
0.055000 0.145218 
0.060000 0.118831 
0.065000 0.102174 
0.070000 0.105845 
0.075000 0.084249 
0.080000 0.009220 
0.085000 -0.066050 
0.090000 -0.062245 
0.095000 0.022613 
0.100000 0.087824 
0.105000 0.062171 
0.110000 0.015594 
0.115000 0.023094 
0.120000 0.023969 
0.125000 -0.032637 
0.130000 -0.050067 
0.135000 0.026621 
0.140000 0.088668 
0.145000 0.072019 
0.150000 0.059099 
0.155000 0.067695 
0.160000 0.004241 
0.165000 -0.111442 
0.170000 -0.142342 
0.175000 -0.070094 
0.180000 -0.006503 
0.185000 0.008309 
0.190000 0.020644 
0.195000 0.049935 
0.200000 0.083545 
0.205000 0.099500 
0.210000 0.048331 
0.215000 -0.065025 
0.220000 -0.129318 
0.225000 -0.094855 
0.230000 -0.060545 
0.235000 -0.071504 
0.240000 -0.033901 
0.245000 0.059053 
0.250000 0.087123 
0.255000 0.039373 
0.260000 0.014280 
0.265000 -0.002049 
0.270000 -0.069764 
0.275000 -0.105490 
0.280000 -0.028143 
0.285000 0.055573 
0.290000 0.034685 
0.295000 -0.013000 
0.300000 0.007211 
0.305000 0.037540 
0.310000 0.001930 
0.315000 -0.050253 
0.320000 -0.051208 
0.325000 -0.033234 
0.330000 -0.042240 
0.335000 -0.032511 
0.340000 0.034073 
0.345000 0.072892 
0.350000 0.022552 
0.355000 -0.004665 
0.360000 0.078899 
0.365000 0.127235 
0.370000 0.013949 
0.375000 -0.104820 
0.380000 -0.063500 
0.385000 0.019250 
0.390000 0.005996 
0.395000 0.002284 
0.400000 0.090927 
0.405000 0.134682 
0.410000 0.056389 
0.415000 -0.009741 
0.420000 0.004328 
0.425000 0.003706 
0.430000 -0.022817 
0.435000 0.023391 
0.440000 0.104571 
0.445000 0.079638 
0.450000 -0.024794 
0.455000 -0.051605 
0.460000 0.007187 
0.465000 0.020057 
0.470000 -0.021191 
0.475000 0.001361 
0.480000 0.085598 
0.485000 0.088559 
0.490000 -0.021577 
0.495000 -0.103495 
0.500000 -0.070634 
0.505000 0.000535 
0.510000 0.032249 
0.515000 0.041833 
0.520000 0.037412 
0.525000 -0.007309 
0.530000 -0.051376 
0.535000 -0.022689 
0.540000 0.040323 
0.545000 0.047315 
0.550000 0.008911 
0.555000 -0.019387 
0.560000 -0.054549 
0.565000 -0.102234 
0.570000 -0.089719 
0.575000 -0.003448 
0.580000 0.063297 
0.585000 0.063321 
0.590000 0.035528 
0.595000 -0.007392 
0.600000 -0.063326 
0.605000 -0.082223 
0.610000 -0.054587 
0.615000 -0.044416 
0.620000 -0.056565 
0.625000 -0.030774 
0.630000 0.017819 
0.635000 0.029416 
0.640000 0.023585 
0.645000 0.036403 
0.650000 0.027241 
0.655000 -0.022502 
0.660000 -0.050766 
0.665000 -0.035009 
0.670000 -0.034090 
0.675000 -0.064275 
0.680000 -0.065839 
0.685000 -0.017342 
0.690000 0.026146 
0.695000 0.029402 
0.700000 0.030336 
0.705000 0.054278 
0.710000 0.050225 
0.715000 -0.014447 
0.720000 -0.064033 
0.725000 -0.036493 
0.730000 -0.005372 
0.735000 -0.038475 
0.740000 -0.060546 
0.745000 -0.015343 
0.750000 0.009220 
0.755000 -0.020908 
0.760000 0.005914 
0.765000 0.098656 
0.770000 0.098978 
0.775000 -0.008231 
0.780000 -0.038956 
0.785000 0.040656 
0.790000 0.050292 
0.795000 -0.048333 
0.800000 -0.085646 
0.805000 -0.021950 
0.810000 0.001122 
0.815000 -0.034668 
0.820000 -0.002815 
0.825000 0.086154 
0.830000 0.098813 
0.835000 0.042135 
0.840000 0.031944 
0.845000 0.054154 
0.850000 0.010927 
0.855000 -0.068699 
0.860000 -0.081523 
0.865000 -0.034688 
0.870000 -0.005457 
0.875000 0.006128 
0.880000 0.040323 
0.885000 0.067675 
0.890000 0.037134 
0.895000 -0.015137 
0.900000 -0.017917 
0.905000 0.012498 
0.910000 0.011558 
0.915000 -0.008760 
0.920000 0.000395 
0.925000 0.005220 
0.930000 -0.041463 
0.935000 -0.075727 
0.940000 -0.025846 
0.945000 0.041320 
0.950000 0.036156 
0.955000 -0.001592 
0.960000 -0.000813 
0.965000 0.015768 
0.970000 0.005808 
0.975000 -0.015614 
0.980000 -0.026057 
0.985000 -0.022801 
0.990000 -0.008081 
0.995000 -0.006596 
1.000000 -0.039295 
1.005000 -0.059583 
1.010000 -0.017110 
1.015000 0.039322 
1.020000 0.037911 
1.025000 0.004544 
1.030000 -0.005913 
1.035000 -0.012994 
1.040000 -0.042042 
1.045000 -0.052522 
1.050000 -0.019698 
1.055000 0.006976 
1.060000 -0.002821 
1.065000 -0.004731 
1.070000 0.025293 
1.075000 0.034672 
1.080000 -0.002917 
1.085000 -0.025663 
1.090000 0.000822 
1.095000 0.011600 
1.100000 -0.029109 
1.105000 -0.046016 
1.110000 0.003106 
1.115000 0.041173 
1.120000 0.024412 
1.125000 0.021569 
1.130000 0.050514 
1.135000 0.025041 
1.140000 -0.054938 
1.145000 -0.070104 
1.150000 -0.004810 
1.155000 0.020336 
1.160000 -0.015753 
1.165000 -0.008584 
1.170000 0.042634 
1.175000 0.032912 
1.180000 -0.019790 
1.185000 -0.005241 
1.190000 0.044910 
1.195000 0.013156 
1.200000 -0.062607 
1.205000 -0.055802 
1.210000 0.010676 
1.215000 0.028004 
1.220000 0.011915 
1.225000 0.039087 
1.230000 0.071107 
1.235000 0.031542 
1.240000 -0.034911 
1.245000 -0.037680 
1.250000 0.003393 
1.255000 0.008804 
1.260000 -0.016209 
1.265000 -0.006933 
1.270000 0.033638 
1.275000 0.044577 
1.280000 0.020317 
1.285000 0.003817 
1.290000 -0.005892 
1.295000 -0.028816 
1.300000 -0.029743 
1.305000 0.013609 
1.310000 0.038690 
1.315000 0.007050 
1.320000 -0.017598 
1.325000 0.003825 
1.330000 0.014628 
1.335000 -0.009402 
1.340000 -0.015793 
1.345000 0.004521 
1.350000 0.006196 
1.355000 -0.004676 
1.360000 0.006928 
1.365000 0.020751 
1.370000 0.009037 
1.375000 -0.004687 
1.380000 -0.004842 
1.385000 -0.012465 
1.390000 -0.023348 
1.395000 -0.012185 
1.400000 0.007241 
1.405000 0.008764 
1.410000 0.008223 
1.415000 0.022541 
1.420000 0.028566 
1.425000 0.013979 
1.430000 0.004269 
1.435000 0.003308 
1.440000 -0.019585 
1.445000 -0.054986 
1.450000 -0.048258 
1.455000 0.004275 
1.460000 0.037347 
1.465000 0.024465 
1.470000 0.014317 
1.475000 0.030342 
1.480000 0.029944 
1.485000 -0.001558 
1.490000 -0.016900 
1.495000 -0.003148 
1.500000 -0.006917 
1.505000 -0.031825 
1.510000 -0.021804 
1.515000 0.023397 
1.520000 0.038150 
1.525000 0.017925 
1.530000 0.022666 
1.535000 0.041293 
1.540000 0.008521 
1.545000 -0.041476 
1.550000 -0.017423 
1.555000 0.044085 
1.560000 0.033089 
1.565000 -0.022716 
1.570000 -0.015593 
1.575000 0.027830 
1.580000 0.011517 
1.585000 -0.026671 
1.590000 0.002598 
1.595000 0.051029 
1.600000 0.029552 
1.605000 -0.018193 
1.610000 -0.013507 
1.615000 0.009429 
1.620000 -0.003968 
1.625000 -0.017612 
1.630000 0.003277 
1.635000 0.012553 
1.640000 -0.017957 
1.645000 -0.034724 
1.650000 -0.004613 
1.655000 0.023496 
1.660000 0.016390 
1.665000 0.016944 
1.670000 0.047229 
1.675000 0.049503 
1.680000 -0.007950 
1.685000 -0.058906 
1.690000 -0.047171 
1.695000 -0.012543 
1.700000 -0.001042 
1.705000 0.010353 
1.710000 0.037005 
1.715000 0.040497 
1.720000 0.011061 
1.725000 -0.006321 
1.730000 0.002260 
1.735000 0.003156 
1.740000 -0.009382 
1.745000 -0.010755 
1.750000 -0.003494 
1.755000 -0.003743 
1.760000 -0.001450 
1.765000 0.011704 
1.770000 0.019352 
1.775000 0.016683 
1.780000 0.015998 
1.785000 0.010267 
1.790000 -0.010281 
1.795000 -0.020509 
1.800000 -0.001585 
1.805000 0.015226 
1.810000 0.003872 
1.815000 -0.006981 
1.820000 0.006872 
1.825000 0.017982 
1.830000 0.005163 
1.835000 -0.008091 
1.840000 -0.007043 
1.845000 -0.009030 
1.850000 -0.011792 
1.855000 0.007813 
1.860000 0.033792 
1.865000 0.026032 
1.870000 -0.001447 
1.875000 0.000226 
1.880000 0.020676 
1.885000 0.007597 
1.890000 -0.027097 
1.895000 -0.023237 
1.900000 0.009623 
1.905000 0.008775 
1.910000 -0.015142 
1.915000 0.000759 
1.920000 0.037458 
1.925000 0.025761 
1.930000 -0.013104 
1.935000 -0.009679 
1.940000 0.012802 
1.945000 -0.006236 
1.950000 -0.030379 
1.955000 -0.000456 
1.960000 0.037124 
1.965000 0.019403 
1.970000 -0.009881 
1.975000 0.004455 
1.980000 0.019007 
1.985000 -0.009407 
1.990000 -0.029354 
1.995000 0.000431 
2.000000 0.026862 
2.005000 0.008864 
2.010000 -0.006469 
2.015000 0.012612 
2.020000 0.016734 
2.025000 -0.018230 
2.030000 -0.032785 
2.035000 0.003090 
2.040000 0.027338 
2.045000 -0.000711 
2.050000 -0.028853 
2.055000 -0.011342 
2.060000 0.018219 
2.065000 0.021815 
2.070000 0.014681 
2.075000 0.010658 
2.080000 -0.005892 
2.085000 -0.029325 
2.090000 -0.029013 
2.095000 -0.008163 
2.100000 0.002357 
2.105000 0.004302 
2.110000 0.019082 
2.115000 0.030835 
2.120000 0.011934 
2.125000 -0.016132 
2.130000 -0.015823 
2.135000 0.000839 
2.140000 0.001908 
2.145000 -0.005683 
2.150000 -0.003119 
2.155000 0.000655 
2.160000 -0.000553 
2.165000 0.006441 
2.170000 0.015500 
2.175000 0.006818 
2.180000 -0.005968 
2.185000 0.000448 
2.190000 0.008871 
2.195000 -0.002365 
2.200000 -0.013206 
2.205000 -0.005660 
2.210000 0.002382 
2.215000 0.002970 
2.220000 0.011202 
2.225000 0.016830 
2.230000 -0.003279 
2.235000 -0.026657 
2.240000 -0.015200 
2.245000 0.012560 
2.250000 0.012384 
2.255000 -0.005924 
2.260000 -0.002571 
2.265000 0.013550 
2.270000 0.003200 
2.275000 -0.024294 
2.280000 -0.024862 
2.285000 -0.001081 
2.290000 0.005774 
2.295000 -0.004775 
2.300000 -0.000300 
2.305000 0.010848 
2.310000 -0.000092 
2.315000 -0.012828 
2.320000 0.001516 
2.325000 0.010488 
2.330000 -0.016443 
2.335000 -0.034727 
2.340000 -0.007347 
2.345000 0.017252 
2.350000 -0.001230 
2.355000 -0.016142 
2.360000 0.008178 
2.365000 0.023508 
2.370000 -0.002527 
2.375000 -0.021529 
2.380000 -0.004707 
2.385000 0.002257 
2.390000 -0.020718 
2.395000 -0.024295 
2.400000 0.007536 
2.405000 0.021370 
2.410000 -0.000953 
2.415000 -0.011021 
2.420000 0.005385 
2.425000 0.004954 
2.430000 -0.016946 
2.435000 -0.015222 
2.440000 0.010405 
2.445000 0.013093 
2.450000 -0.008759 
2.455000 -0.013333 
2.460000 0.000731 
2.465000 0.000566 
2.470000 -0.009637 
2.475000 -0.002428 
2.480000 0.011095 
2.485000 0.002904 
2.490000 -0.014506 
2.495000 -0.011287 
2.500000 0.004655 
2.505000 0.006471 
2.510000 -0.003060 
2.515000 -0.005209 
2.520000 -0.002985 
2.525000 -0.007658 
2.530000 -0.011476 
2.535000 -0.005445 
2.540000 0.000972 
2.545000 0.000753 
2.550000 0.001611 
2.555000 0.002975 
2.560000 -0.005297 
2.565000 -0.015881 
2.570000 -0.012526 
2.575000 -0.001744 
2.580000 0.000592 
2.585000 -0.000748 
2.590000 0.001963 
2.595000 -0.001082 
2.600000 -0.010903 
2.605000 -0.009495 
2.610000 0.002091 
2.615000 0.001193 
2.620000 -0.009681 
2.625000 -0.006722 
2.630000 0.003836 
2.635000 -0.001850 
2.640000 -0.011135 
2.645000 0.001578 
2.650000 0.016668 
2.655000 0.002720 
2.660000 -0.019078 
2.665000 -0.013467 
2.670000 0.001869 
2.675000 -0.003983 
2.680000 -0.012271 
2.685000 0.001507 
2.690000 0.012138 
2.695000 -0.002459 
2.700000 -0.011197 
2.705000 0.007237 
2.710000 0.016150 
2.715000 -0.007701 
2.720000 -0.025348 
2.725000 -0.010530 
2.730000 0.001726 
2.735000 -0.010375 
2.740000 -0.012125 
2.745000 0.011786 
2.750000 0.020572 
2.755000 -0.002406 
2.760000 -0.015717 
2.765000 -0.001646 
2.770000 0.003034 
2.775000 -0.013486 
2.780000 -0.014424 
2.785000 0.006713 
2.790000 0.011026 
2.795000 -0.006091 
2.800000 -0.006691 
2.805000 0.010066 
2.810000 0.006002 
2.815000 -0.016616 
2.820000 -0.017870 
2.825000 0.001658 
2.830000 0.005083 
2.835000 -0.007558 
2.840000 -0.005233 
2.845000 0.009076 
2.850000 0.007698 
2.855000 -0.005089 
2.860000 -0.006490 
2.865000 -0.002555 
2.870000 -0.009147 
2.875000 -0.013876 
2.880000 -0.002728 
2.885000 0.007772 
2.890000 0.003275 
2.895000 -0.000875 
2.900000 0.005404 
2.905000 0.005622 
2.910000 -0.006576 
2.915000 -0.012329 
2.920000 -0.004914 
2.925000 -0.000579 
2.930000 -0.004542 
2.935000 -0.004870 
2.940000 -0.000094 
2.945000 0.001580 
2.950000 0.002476 
2.955000 0.006327 
2.960000 0.004267 
2.965000 -0.006601 
2.970000 -0.012175 
2.975000 -0.006549 
2.980000 -0.001937 
2.985000 -0.002001 
2.990000 0.003294 
2.995000 0.010029 
3.000000 0.004017 
3.005000 -0.006823 
3.010000 -0.003423 
3.015000 0.005590 
3.020000 -0.000685 
3.025000 -0.012364 
3.030000 -0.007493 
3.035000 0.003398 
3.040000 -0.000319 
3.045000 -0.005862 
3.050000 0.005415 
3.055000 0.016306 
3.060000 0.006536 
3.065000 -0.006619 
3.070000 -0.003739 
3.075000 0.000105 
3.080000 -0.007728 
3.085000 -0.008457 
3.090000 0.005998 
3.095000 0.010728 
3.100000 -0.002317 
3.105000 -0.005009 
3.110000 0.010552 
3.115000 0.013431 
3.120000 -0.004809 
3.125000 -0.011695 
3.130000 0.002131 
3.135000 0.005283 
3.140000 -0.009342 
3.145000 -0.009954 
3.150000 0.008408 
3.155000 0.013137 
3.160000 -0.000734 
3.165000 -0.004201 
3.170000 0.003979 
3.175000 -0.000958 
3.180000 -0.011810 
3.185000 -0.002237 
3.190000 0.014918 
3.195000 0.008845 
3.200000 -0.008921 
3.205000 -0.007782 
3.210000 0.003745 
3.215000 0.000928 
3.220000 -0.006199 
3.225000 0.002063 
3.230000 0.011522 
3.235000 0.002976 
3.240000 -0.008568 
3.245000 -0.004161 
3.250000 0.003915 
3.255000 0.000827 
3.260000 -0.002249 
3.265000 0.003840 
3.270000 0.005361 
3.275000 -0.004244 
3.280000 -0.008510 
3.285000 0.000174 
3.290000 0.006468 
3.295000 0.002434 
3.300000 -0.000483 
3.305000 0.002557 
3.310000 0.002502 
3.315000 -0.001424 
3.320000 -0.000536 
3.325000 0.003238 
3.330000 0.001564 
3.335000 -0.001877 
3.340000 0.000091 
3.345000 0.001910 
3.350000 -0.001868 
3.355000 -0.003033 
3.360000 0.003074 
3.365000 0.006268 
3.370000 0.002012 
3.375000 0.000075 
3.380000 0.002720 
3.385000 0.000684 
3.390000 -0.004391 
3.395000 -0.002174 
3.400000 0.003077 
3.405000 0.000943 
3.410000 -0.002152 
3.415000 0.002635 
3.420000 0.005285 
3.425000 -0.001932 
3.430000 -0.005257 
3.435000 0.002687 
3.440000 0.005331 
3.445000 -0.004302 
3.450000 -0.007311 
3.455000 0.003138 
3.460000 0.006662 
3.465000 -0.003449 
3.470000 -0.006299 
3.475000 0.003730 
3.480000 0.004951 
3.485000 -0.006884 
3.490000 -0.008493 
3.495000 0.004197 
3.500000 0.007214 
3.505000 -0.003800 
3.510000 -0.006109 
3.515000 0.003478 
3.520000 0.004169 
3.525000 -0.004131 
3.530000 -0.001944 
3.535000 0.006374 
3.540000 0.000656 
3.545000 -0.011016 
3.550000 -0.006210 
3.555000 0.006249 
3.560000 0.003414 
3.565000 -0.006238 
3.570000 -0.001833 
3.575000 0.006543 
3.580000 -0.000442 
3.585000 -0.010353 
3.590000 -0.003473 
3.595000 0.007391 
3.600000 0.002288 
3.605000 -0.007739 
3.610000 -0.004789 
3.615000 0.001818 
3.620000 -0.001623 
3.625000 -0.005283 
3.630000 0.000917 
3.635000 0.005323 
3.640000 -0.000890 
3.645000 -0.006051 
3.650000 -0.002472 
3.655000 -0.000015 
3.660000 -0.003163 
3.665000 -0.002682 
3.670000 0.002468 
3.675000 0.001762 
3.680000 -0.004885 
3.685000 -0.006504 
3.690000 -0.002262 
3.695000 -0.000896 
3.700000 -0.002339 
3.705000 -0.000314 
3.710000 0.002439 
3.715000 -0.000151 
3.720000 -0.004101 
3.725000 -0.003366 
3.730000 -0.001510 
3.735000 -0.002425 
3.740000 -0.001931 
3.745000 0.000990 
3.750000 -0.000027 
3.755000 -0.004256 
3.760000 -0.003268 
3.765000 0.001504 
3.770000 0.000918 
3.775000 -0.002982 
3.780000 -0.002209 
3.785000 -0.000927 
3.790000 -0.005418 
3.795000 -0.007477 
3.800000 -0.000473 
3.805000 0.004539 
3.810000 -0.000208 
3.815000 -0.003555 
3.820000 0.000990 
3.825000 0.001699 
3.830000 -0.005820 
3.835000 -0.007972 
3.840000 -0.000689 
3.845000 0.002000 
3.850000 -0.003894 
3.855000 -0.005355 
3.860000 0.000467 
3.865000 0.001530 
3.870000 -0.003410 
3.875000 -0.003017 
3.880000 0.001892 
3.885000 -0.000104 
3.890000 -0.006175 
3.895000 -0.004017 
3.900000 0.002090 
3.905000 -0.001246 
3.910000 -0.008459 
3.915000 -0.004540 
3.920000 0.004590 
3.925000 0.002592 
3.930000 -0.005423 
3.935000 -0.003730 
3.940000 0.002591 
3.945000 -0.000547 
3.950000 -0.006838 
3.955000 -0.003441 
3.960000 0.002243 
3.965000 -0.001038 
3.970000 -0.004872 
3.975000 -0.000201 
3.980000 0.002844 
3.985000 -0.003202 
3.990000 -0.006615 
3.995000 -0.000548 
4.000000 0.003043 
4.005000 -0.001914 
4.010000 -0.004228 
4.015000 0.000598 
4.020000 0.001978 
4.025000 -0.003061 
4.030000 -0.004333 
4.035000 0.000205 
4.040000 0.001197 
4.045000 -0.002722 
4.050000 -0.003504 
4.055000 -0.000682 
4.060000 -0.000779 
4.065000 -0.002671 
4.070000 -0.000595 
4.075000 0.002672 
4.080000 0.000821 
4.085000 -0.003335 
4.090000 -0.003490 
4.095000 -0.001410 
4.100000 -0.001519 
4.105000 -0.001849 
4.110000 -0.000096 
4.115000 0.000248 
4.120000 -0.002213 
4.125000 -0.002699 
4.130000 0.000006 
4.135000 0.000658 
4.140000 -0.001699 
4.145000 -0.002030 
4.150000 -0.000182 
4.155000 -0.000815 
4.160000 -0.002750 
4.165000 -0.001367 
4.170000 0.001018 
4.175000 -0.000059 
4.180000 -0.001492 
4.185000 0.000245 
4.190000 0.000799 
4.195000 -0.002169 
4.200000 -0.002557 
4.205000 0.001181 
4.210000 0.001339 
4.215000 -0.003160 
4.220000 -0.003488 
4.225000 0.001265 
4.230000 0.002020 
4.235000 -0.001873 
4.240000 -0.002064 
4.245000 0.001010 
4.250000 -0.000244 
4.255000 -0.003774 
4.260000 -0.002020 
4.265000 0.001928 
4.270000 0.000474 
4.275000 -0.002762 
4.280000 -0.000439 
4.285000 0.003164 
4.290000 0.000563 
4.295000 -0.003713 
4.300000 -0.001986 
4.305000 0.001472 
4.310000 -0.000505 
4.315000 -0.003385 
4.320000 -0.000602 
4.325000 0.002609 
4.330000 0.000043 
4.335000 -0.002450 
4.340000 0.000701 
4.345000 0.002751 
4.350000 -0.001324 
4.355000 -0.003922 
4.360000 -0.000352 
4.365000 0.001564 
4.370000 -0.001969 
4.375000 -0.002830 
4.380000 0.001835 
4.385000 0.003395 
4.390000 -0.000933 
4.395000 -0.003009 
4.400000 -0.000056 
4.405000 0.001389 
4.410000 -0.000487 
4.415000 -0.000658 
4.420000 0.001024 
4.425000 0.000138 
4.430000 -0.002086 
4.435000 -0.001076 
4.440000 0.001515 
4.445000 0.001102 
4.450000 -0.000901 
4.455000 -0.000562 
4.460000 0.000710 
4.465000 -0.000177 
4.470000 -0.001349 
4.475000 -0.000081 
4.480000 0.001442 
4.485000 0.000526 
4.490000 -0.000952 
4.495000 -0.000785 
4.500000 -0.000374 
4.505000 -0.000750 
4.510000 -0.000305 
4.515000 0.000972 
4.520000 0.000840 
4.525000 -0.000390 
4.530000 -0.000353 
4.535000 0.000352 
4.540000 -0.000314 
4.545000 -0.001043 
4.550000 -0.000004 
4.555000 0.000747 
4.560000 -0.000533 
4.565000 -0.001229 
4.570000 0.000253 
4.575000 0.000965 
4.580000 -0.000292 
4.585000 -0.000352 
4.590000 0.001246 
4.595000 0.000814 
4.600000 -0.001570 
4.605000 -0.001646 
4.610000 0.000522 
4.615000 0.000795 
4.620000 -0.000618 
4.625000 -0.000162 
4.630000 0.001268 
4.635000 0.000428 
4.640000 -0.001111 
4.645000 -0.000192 
4.650000 0.001185 
4.655000 -0.000060 
4.660000 -0.001652 
4.665000 -0.000559 
4.670000 0.000941 
4.675000 0.000082 
4.680000 -0.000817 
4.685000 0.000566 
4.690000 0.001483 
4.695000 -0.000333 
4.700000 -0.001797 
4.705000 -0.000328 
4.710000 0.001228 
4.715000 0.000316 
4.720000 -0.000660 
4.725000 0.000261 
4.730000 0.000718 
4.735000 -0.000603 
4.740000 -0.001033 
4.745000 0.000422 
4.750000 0.000901 
4.755000 -0.000433 
4.760000 -0.000808 
4.765000 0.000343 
4.770000 0.000470 
4.775000 -0.000566 
4.780000 -0.000374 
4.785000 0.000745 
4.790000 0.000443 
4.795000 -0.000756 
4.800000 -0.000624 
4.805000 0.000282 
4.810000 0.000101 
4.815000 -0.000490 
4.820000 -0.000022 
4.825000 0.000630 
4.830000 0.000203 
4.835000 -0.000415 
4.840000 -0.000162 
4.845000 0.000194 
4.850000 -0.000107 
4.855000 -0.000339 
4.860000 0.000021 
4.865000 0.000264 
4.870000 -0.000024 
4.875000 -0.000237 
4.880000 -0.000070 
4.885000 0.000029 
4.890000 -0.000050 
4.895000 0.000050 
4.900000 0.000194 
4.905000 -0.000024 
4.910000 -0.000322 
4.915000 -0.000187 
4.920000 0.000118 
4.925000 0.000087 
4.930000 -0.000072 
4.935000 0.000004 
4.940000 0.000076 
4.945000 -0.000086 
4.950000 -0.000177 
4.955000 -0.000028 
4.960000 0.000069 
4.965000 0.000004 
4.970000 -0.000012 
4.975000 0.000028 
4.980000 -0.000013 
4.985000 -0.000052 
4.990000 -0.000006 
4.995000 0.000019 
