# Time(ps) Norm. Int.(No Units) 
0.000000 1.000000 
0.005000 0.514195 
0.010000 -0.041326 
0.015000 -0.043865 
0.020000 0.108586 
0.025000 -0.028424 
0.030000 -0.038724 
0.035000 0.062591 
0.040000 0.005581 
0.045000 0.035713 
0.050000 0.119633 
0.055000 0.068067 
0.060000 -0.120047 
0.065000 -0.017672 
0.070000 0.045392 
0.075000 0.016411 
0.080000 0.009660 
0.085000 0.103517 
0.090000 0.056164 
0.095000 -0.007871 
0.100000 0.050745 
0.105000 0.003115 
0.110000 -0.086511 
0.115000 -0.114643 
0.120000 0.008100 
0.125000 -0.019647 
0.130000 -0.045972 
0.135000 -0.062680 
0.140000 0.027353 
0.145000 0.081437 
0.150000 0.066804 
0.155000 0.010171 
0.160000 -0.013653 
0.165000 0.025786 
0.170000 -0.036017 
0.175000 -0.031446 
0.180000 -0.003178 
0.185000 0.050060 
0.190000 -0.030714 
0.195000 -0.021193 
0.200000 0.012141 
0.205000 0.022866 
0.210000 -0.008070 
0.215000 -0.002498 
0.220000 0.054298 
0.225000 0.064473 
0.230000 0.082961 
0.235000 0.012653 
0.240000 0.005495 
0.245000 -0.015950 
0.250000 0.001434 
0.255000 -0.028815 
0.260000 0.027432 
0.265000 0.052547 
0.270000 -0.024955 
0.275000 -0.083725 
0.280000 -0.017796 
0.285000 0.111774 
0.290000 0.082910 
0.295000 0.049037 
0.300000 0.013875 
0.305000 0.038971 
0.310000 0.004719 
0.315000 0.020102 
0.320000 -0.004572 
0.325000 -0.053284 
0.330000 -0.056648 
0.335000 0.010404 
0.340000 0.039059 
0.345000 -0.070094 
0.350000 -0.068505 
0.355000 0.022903 
0.360000 0.093660 
0.365000 -0.002287 
0.370000 -0.006285 
0.375000 0.033802 
0.380000 0.021928 
0.385000 -0.039524 
0.390000 -0.029581 
0.395000 -0.007879 
0.400000 -0.044212 
0.405000 0.017105 
0.410000 0.061205 
0.415000 0.020059 
0.420000 -0.075654 
0.425000 -0.008754 
0.430000 0.023245 
0.435000 -0.004790 
0.440000 0.006731 
0.445000 0.073923 
0.450000 0.027053 
0.455000 -0.066678 
0.460000 -0.006119 
0.465000 0.031860 
0.470000 -0.033123 
0.475000 -0.092487 
0.480000 0.032058 
0.485000 0.072375 
0.490000 -0.003202 
0.495000 -0.049592 
0.500000 0.025360 
0.505000 0.034854 
0.510000 -0.041938 
0.515000 -0.036171 
0.520000 0.021711 
0.525000 0.055302 
0.530000 0.013752 
0.535000 0.025917 
0.540000 0.016958 
0.545000 0.015744 
0.550000 -0.006867 
0.555000 -0.011522 
0.560000 -0.022802 
0.565000 -0.001421 
0.570000 0.033144 
0.575000 0.016492 
0.580000 0.019858 
0.585000 0.039630 
0.590000 0.062352 
0.595000 0.011945 
0.600000 0.005378 
0.605000 -0.002531 
0.610000 -0.024785 
0.615000 -0.056322 
0.620000 -0.023748 
0.625000 0.027242 
0.630000 0.036148 
0.635000 0.026868 
0.640000 -0.007467 
0.645000 0.000057 
0.650000 0.012786 
0.655000 0.020100 
0.660000 -0.029015 
0.665000 -0.018075 
0.670000 0.016701 
0.675000 0.005147 
0.680000 -0.033796 
0.685000 -0.002874 
0.690000 0.048675 
0.695000 0.007191 
0.700000 -0.030576 
0.705000 -0.016590 
0.710000 0.020841 
0.715000 -0.015694 
0.720000 -0.041862 
0.725000 -0.037964 
0.730000 0.003954 
0.735000 0.039601 
0.740000 0.057529 
0.745000 0.045114 
0.750000 -0.010833 
0.755000 -0.059226 
0.760000 -0.066606 
0.765000 0.001707 
0.770000 0.032548 
0.775000 0.006135 
0.780000 -0.033716 
0.785000 -0.006452 
0.790000 0.017916 
0.795000 0.001475 
0.800000 -0.024754 
0.805000 -0.039129 
0.810000 -0.034007 
0.815000 -0.017391 
0.820000 0.022530 
0.825000 0.018184 
0.830000 -0.005242 
0.835000 -0.022727 
0.840000 -0.008874 
0.845000 -0.014735 
0.850000 -0.023734 
0.855000 -0.007194 
0.860000 0.012974 
0.865000 0.001840 
0.870000 -0.023628 
0.875000 0.001574 
0.880000 0.017746 
0.885000 -0.002571 
0.890000 -0.016571 
0.895000 0.024956 
0.900000 0.015217 
0.905000 -0.045193 
0.910000 -0.037985 
0.915000 0.021910 
0.920000 0.008050 
0.925000 -0.036644 
0.930000 0.011999 
0.935000 0.041338 
0.940000 -0.014609 
0.945000 -0.037199 
0.950000 0.024192 
0.955000 0.015993 
0.960000 -0.034427 
0.965000 -0.009614 
0.970000 0.014977 
0.975000 -0.034885 
0.980000 -0.034935 
0.985000 0.052066 
0.990000 0.052413 
0.995000 -0.020046 
1.000000 -0.033785 
1.005000 -0.008595 
1.010000 -0.032847 
1.015000 -0.026153 
1.020000 0.033187 
1.025000 0.047594 
1.030000 0.023207 
1.035000 0.023103 
1.040000 0.014031 
1.045000 -0.032788 
1.050000 -0.028232 
1.055000 0.010192 
1.060000 0.005353 
1.065000 -0.021044 
1.070000 -0.000377 
1.075000 0.025827 
1.080000 0.020386 
1.085000 0.013998 
1.090000 0.001392 
1.095000 -0.016076 
1.100000 -0.014423 
1.105000 0.002123 
1.110000 -0.008663 
1.115000 -0.006404 
1.120000 0.017439 
1.125000 0.008145 
1.130000 -0.020766 
1.135000 -0.005373 
1.140000 0.011650 
1.145000 -0.034407 
1.150000 -0.058430 
1.155000 -0.016618 
1.160000 0.017257 
1.165000 0.003619 
1.170000 0.005882 
1.175000 0.016591 
1.180000 0.004637 
1.185000 -0.001739 
1.190000 0.000063 
1.195000 -0.017258 
1.200000 -0.035952 
1.205000 -0.019364 
1.210000 -0.008246 
1.215000 -0.000940 
1.220000 0.019356 
1.225000 0.028712 
1.230000 0.007709 
1.235000 0.001398 
1.240000 0.002048 
1.245000 -0.029720 
1.250000 -0.034092 
1.255000 0.014097 
1.260000 0.044109 
1.265000 0.022213 
1.270000 0.018172 
1.275000 0.009161 
1.280000 -0.025605 
1.285000 -0.022794 
1.290000 0.016772 
1.295000 -0.000384 
1.300000 -0.038322 
1.305000 0.004533 
1.310000 0.041365 
1.315000 0.005321 
1.320000 -0.012730 
1.325000 0.027761 
1.330000 0.008699 
1.335000 -0.035006 
1.340000 -0.003003 
1.345000 0.027337 
1.350000 -0.028318 
1.355000 -0.053937 
1.360000 0.014378 
1.365000 0.034920 
1.370000 -0.008201 
1.375000 -0.008990 
1.380000 0.025066 
1.385000 -0.004298 
1.390000 -0.025797 
1.395000 0.016067 
1.400000 0.035474 
1.405000 -0.004045 
1.410000 -0.012770 
1.415000 0.020977 
1.420000 0.010543 
1.425000 -0.009851 
1.430000 0.002806 
1.435000 0.009329 
1.440000 -0.026281 
1.445000 -0.020700 
1.450000 0.022628 
1.455000 0.029784 
1.460000 0.003481 
1.465000 -0.003098 
1.470000 -0.003052 
1.475000 -0.016575 
1.480000 0.005201 
1.485000 0.027822 
1.490000 0.006489 
1.495000 -0.032797 
1.500000 -0.025450 
1.505000 -0.016288 
1.510000 -0.018142 
1.515000 0.002345 
1.520000 0.028095 
1.525000 0.020292 
1.530000 0.002211 
1.535000 0.006365 
1.540000 -0.009026 
1.545000 -0.021059 
1.550000 -0.008133 
1.555000 0.013843 
1.560000 0.011079 
1.565000 0.018809 
1.570000 0.020759 
1.575000 -0.002680 
1.580000 -0.006221 
1.585000 0.016338 
1.590000 0.008695 
1.595000 -0.028011 
1.600000 -0.006606 
1.605000 0.029760 
1.610000 0.023085 
1.615000 0.000046 
1.620000 0.019484 
1.625000 0.028471 
1.630000 0.003890 
1.635000 -0.013590 
1.640000 -0.013198 
1.645000 -0.013228 
1.650000 -0.021791 
1.655000 -0.011266 
1.660000 0.007846 
1.665000 0.033962 
1.670000 0.026701 
1.675000 -0.000982 
1.680000 -0.015689 
1.685000 -0.003982 
1.690000 -0.007361 
1.695000 -0.018367 
1.700000 0.003560 
1.705000 0.024333 
1.710000 0.014769 
1.715000 -0.009389 
1.720000 -0.005224 
1.725000 -0.002914 
1.730000 0.000528 
1.735000 -0.000313 
1.740000 -0.003867 
1.745000 -0.004600 
1.750000 0.014625 
1.755000 0.024733 
1.760000 -0.001108 
1.765000 -0.009543 
1.770000 0.010945 
1.775000 0.022452 
1.780000 -0.003766 
1.785000 -0.006364 
1.790000 0.004867 
1.795000 -0.006138 
1.800000 -0.029775 
1.805000 -0.009545 
1.810000 0.028201 
1.815000 0.019695 
1.820000 -0.005786 
1.825000 -0.001173 
1.830000 0.020136 
1.835000 -0.001125 
1.840000 -0.020712 
1.845000 -0.011803 
1.850000 0.003775 
1.855000 -0.006180 
1.860000 -0.002112 
1.865000 0.016863 
1.870000 0.012782 
1.875000 -0.003680 
1.880000 -0.010996 
1.885000 -0.010558 
1.890000 -0.018156 
1.895000 0.000874 
1.900000 0.019007 
1.905000 0.016771 
1.910000 0.003027 
1.915000 0.004783 
1.920000 -0.002256 
1.925000 -0.011721 
1.930000 0.003123 
1.935000 0.012973 
1.940000 -0.001327 
1.945000 -0.017909 
1.950000 -0.004427 
1.955000 -0.000981 
1.960000 -0.002076 
1.965000 0.003096 
1.970000 0.015914 
1.975000 0.013574 
1.980000 0.005899 
1.985000 -0.003946 
1.990000 -0.016199 
1.995000 -0.008528 
2.000000 0.004621 
2.005000 0.007131 
2.010000 -0.002869 
2.015000 0.007471 
2.020000 0.009092 
2.025000 0.000111 
2.030000 -0.002017 
2.035000 0.006521 
2.040000 -0.004177 
2.045000 -0.018201 
2.050000 -0.001787 
2.055000 0.015002 
2.060000 0.013863 
2.065000 0.004845 
2.070000 0.008333 
2.075000 -0.005040 
2.080000 -0.013830 
2.085000 -0.004383 
2.090000 0.006917 
2.095000 -0.005551 
2.100000 -0.012636 
2.105000 0.003906 
2.110000 0.011681 
2.115000 0.007012 
2.120000 0.002366 
2.125000 0.006633 
2.130000 -0.005845 
2.135000 -0.014767 
2.140000 -0.014220 
2.145000 -0.001888 
2.150000 0.008921 
2.155000 0.014608 
2.160000 0.007978 
2.165000 -0.001199 
2.170000 0.004837 
2.175000 0.000146 
2.180000 -0.015523 
2.185000 -0.017450 
2.190000 0.012427 
2.195000 0.022019 
2.200000 0.008090 
2.205000 -0.001957 
2.210000 0.001787 
2.215000 0.001145 
2.220000 0.001729 
2.225000 0.004932 
2.230000 -0.008285 
2.235000 -0.011999 
2.240000 0.002269 
2.245000 0.013751 
2.250000 0.002588 
2.255000 0.006180 
2.260000 0.008764 
2.265000 -0.009528 
2.270000 -0.018839 
2.275000 0.003845 
2.280000 0.012045 
2.285000 -0.007909 
2.290000 0.000840 
2.295000 0.020186 
2.300000 0.004689 
2.305000 -0.023770 
2.310000 -0.006828 
2.315000 0.010993 
2.320000 -0.000049 
2.325000 -0.006877 
2.330000 0.007368 
2.335000 0.006823 
2.340000 -0.006596 
2.345000 -0.000351 
2.350000 0.006610 
2.355000 0.003502 
2.360000 -0.002264 
2.365000 -0.001604 
2.370000 -0.010193 
2.375000 -0.004586 
2.380000 0.011054 
2.385000 0.007787 
2.390000 -0.011003 
2.395000 -0.006160 
2.400000 0.013732 
2.405000 0.006835 
2.410000 -0.007387 
2.415000 -0.006803 
2.420000 -0.001642 
2.425000 -0.010982 
2.430000 -0.005798 
2.435000 0.009228 
2.440000 0.012823 
2.445000 0.003560 
2.450000 -0.000976 
2.455000 -0.002347 
2.460000 -0.004048 
2.465000 0.002126 
2.470000 0.000405 
2.475000 -0.004837 
2.480000 -0.000406 
2.485000 0.012751 
2.490000 0.004303 
2.495000 -0.005729 
2.500000 0.002136 
2.505000 0.006631 
2.510000 -0.007088 
2.515000 -0.010200 
2.520000 0.003344 
2.525000 -0.000535 
2.530000 -0.009559 
2.535000 -0.004607 
2.540000 0.003331 
2.545000 -0.003654 
2.550000 -0.000261 
2.555000 0.006405 
2.560000 -0.003533 
2.565000 -0.016993 
2.570000 -0.013350 
2.575000 -0.005821 
2.580000 -0.004436 
2.585000 0.004313 
2.590000 0.005528 
2.595000 -0.002981 
2.600000 -0.005137 
2.605000 0.003206 
2.610000 -0.004209 
2.615000 -0.012023 
2.620000 -0.002536 
2.625000 0.004985 
2.630000 -0.001478 
2.635000 -0.001324 
2.640000 0.008766 
2.645000 0.006241 
2.650000 0.001996 
2.655000 0.000942 
2.660000 -0.004275 
2.665000 -0.011537 
2.670000 -0.003230 
2.675000 0.002290 
2.680000 -0.002429 
2.685000 0.002945 
2.690000 0.013641 
2.695000 0.005013 
2.700000 -0.011670 
2.705000 -0.008967 
2.710000 -0.005508 
2.715000 -0.007348 
2.720000 -0.000211 
2.725000 0.010042 
2.730000 -0.000898 
2.735000 -0.010432 
2.740000 -0.000452 
2.745000 0.004063 
2.750000 -0.005768 
2.755000 -0.005284 
2.760000 0.005210 
2.765000 0.000189 
2.770000 -0.004896 
2.775000 0.002189 
2.780000 0.003779 
2.785000 -0.009061 
2.790000 -0.008164 
2.795000 0.006532 
2.800000 0.011059 
2.805000 0.003452 
2.810000 -0.003983 
2.815000 -0.008398 
2.820000 -0.007062 
2.825000 0.005482 
2.830000 0.008271 
2.835000 -0.004421 
2.840000 -0.009994 
2.845000 0.002798 
2.850000 0.006765 
2.855000 -0.002507 
2.860000 -0.003045 
2.865000 0.003728 
2.870000 -0.000515 
2.875000 -0.009782 
2.880000 -0.006562 
2.885000 0.000043 
2.890000 0.002822 
2.895000 0.003651 
2.900000 0.002844 
2.905000 -0.004284 
2.910000 -0.007349 
2.915000 -0.003581 
2.920000 -0.001001 
2.925000 0.001366 
2.930000 0.006414 
2.935000 0.004996 
2.940000 -0.005237 
2.945000 -0.005921 
2.950000 0.001412 
2.955000 0.002171 
2.960000 -0.001087 
2.965000 0.003450 
2.970000 0.003307 
2.975000 -0.005725 
2.980000 -0.005377 
2.985000 0.004803 
2.990000 0.005053 
2.995000 -0.002294 
3.000000 -0.000191 
3.005000 0.002037 
3.010000 -0.003526 
3.015000 -0.005009 
3.020000 0.001998 
3.025000 0.003015 
3.030000 -0.000335 
3.035000 -0.000415 
3.040000 -0.002349 
3.045000 -0.004749 
3.050000 0.001177 
3.055000 0.005449 
3.060000 -0.003427 
3.065000 -0.007376 
3.070000 0.000864 
3.075000 0.001221 
3.080000 -0.008178 
3.085000 -0.003567 
3.090000 0.008558 
3.095000 0.004949 
3.100000 -0.005942 
3.105000 -0.006064 
3.110000 -0.002763 
3.115000 -0.003067 
3.120000 0.000571 
3.125000 0.002860 
3.130000 -0.002480 
3.135000 -0.004725 
3.140000 0.001174 
3.145000 0.003049 
3.150000 0.001196 
3.155000 0.001954 
3.160000 -0.001525 
3.165000 -0.008468 
3.170000 -0.004345 
3.175000 0.005397 
3.180000 0.003409 
3.185000 -0.001813 
3.190000 0.002006 
3.195000 0.003495 
3.200000 -0.003152 
3.205000 -0.003955 
3.210000 -0.000129 
3.215000 -0.002569 
3.220000 -0.003248 
3.225000 0.004717 
3.230000 0.006946 
3.235000 -0.000093 
3.240000 -0.002058 
3.245000 -0.000057 
3.250000 -0.004475 
3.255000 -0.008067 
3.260000 -0.003044 
3.265000 0.001194 
3.270000 0.001123 
3.275000 0.002290 
3.280000 0.001091 
3.285000 -0.005166 
3.290000 -0.005128 
3.295000 0.001093 
3.300000 -0.000755 
3.305000 -0.007578 
3.310000 -0.003681 
3.315000 0.004867 
3.320000 0.003050 
3.325000 -0.002428 
3.330000 -0.001370 
3.335000 -0.000694 
3.340000 -0.005035 
3.345000 -0.004540 
3.350000 0.001282 
3.355000 0.003016 
3.360000 0.000401 
3.365000 0.000035 
3.370000 -0.000320 
3.375000 -0.002951 
3.380000 -0.002971 
3.385000 0.000688 
3.390000 0.003152 
3.395000 0.001801 
3.400000 -0.001501 
3.405000 -0.004670 
3.410000 -0.003288 
3.415000 0.000616 
3.420000 0.000387 
3.425000 -0.002773 
3.430000 -0.000733 
3.435000 0.002242 
3.440000 -0.002099 
3.445000 -0.006289 
3.450000 -0.001817 
3.455000 0.004112 
3.460000 0.002871 
3.465000 -0.000952 
3.470000 -0.004445 
3.475000 -0.006116 
3.480000 -0.002826 
3.485000 0.002508 
3.490000 0.001471 
3.495000 -0.001584 
3.500000 0.000229 
3.505000 0.000194 
3.510000 -0.003230 
3.515000 -0.001002 
3.520000 0.003305 
3.525000 -0.002504 
3.530000 -0.007388 
3.535000 0.000099 
3.540000 0.006429 
3.545000 0.000569 
3.550000 -0.003662 
3.555000 -0.001058 
3.560000 -0.002087 
3.565000 -0.003930 
3.570000 0.000390 
3.575000 0.002945 
3.580000 -0.001340 
3.585000 -0.001621 
3.590000 0.001366 
3.595000 -0.000436 
3.600000 -0.003476 
3.605000 -0.001549 
3.610000 -0.000283 
3.615000 -0.000623 
3.620000 0.000885 
3.625000 -0.001299 
3.630000 -0.006078 
3.635000 -0.002624 
3.640000 0.005617 
3.645000 0.002694 
3.650000 -0.004700 
3.655000 -0.003513 
3.660000 -0.000255 
3.665000 -0.002773 
3.670000 -0.001596 
3.675000 0.003763 
3.680000 0.002223 
3.685000 -0.002047 
3.690000 -0.001078 
3.695000 -0.000840 
3.700000 -0.004646 
3.705000 -0.002319 
3.710000 0.002350 
3.715000 0.000204 
3.720000 -0.002149 
3.725000 0.001918 
3.730000 0.001362 
3.735000 -0.004735 
3.740000 -0.002598 
3.745000 0.003205 
3.750000 -0.000178 
3.755000 -0.004929 
3.760000 0.000380 
3.765000 0.003277 
3.770000 -0.001972 
3.775000 -0.003255 
3.780000 0.001234 
3.785000 -0.000375 
3.790000 -0.004076 
3.795000 -0.000672 
3.800000 0.002013 
3.805000 -0.001085 
3.810000 -0.001555 
3.815000 0.002276 
3.820000 0.000412 
3.825000 -0.003803 
3.830000 -0.002826 
3.835000 -0.000098 
3.840000 -0.001278 
3.845000 -0.001847 
3.850000 0.000205 
3.855000 0.001333 
3.860000 0.001506 
3.865000 0.000346 
3.870000 -0.002752 
3.875000 -0.004456 
3.880000 -0.000785 
3.885000 0.001706 
3.890000 -0.000038 
3.895000 -0.001126 
3.900000 0.000172 
3.905000 -0.000776 
3.910000 -0.002040 
3.915000 0.000216 
3.920000 0.001267 
3.925000 -0.001202 
3.930000 -0.003101 
3.935000 -0.002198 
3.940000 -0.001670 
3.945000 0.000254 
3.950000 0.002629 
3.955000 0.001412 
3.960000 -0.001847 
3.965000 -0.001689 
3.970000 -0.001223 
3.975000 -0.003879 
3.980000 -0.002875 
3.985000 0.002393 
3.990000 0.002906 
3.995000 -0.002411 
4.000000 -0.002873 
4.005000 0.000449 
4.010000 -0.000051 
4.015000 -0.002356 
4.020000 -0.000863 
4.025000 0.000238 
4.030000 -0.001749 
4.035000 -0.001386 
4.040000 0.001070 
4.045000 0.000921 
4.050000 -0.001093 
4.055000 -0.000449 
4.060000 0.000145 
4.065000 -0.000905 
4.070000 -0.001710 
4.075000 -0.001057 
4.080000 -0.000007 
4.085000 0.001313 
4.090000 0.001423 
4.095000 -0.000846 
4.100000 -0.001453 
4.105000 0.000166 
4.110000 0.000174 
4.115000 -0.001708 
4.120000 -0.000506 
4.125000 0.001066 
4.130000 -0.000563 
4.135000 -0.001738 
4.140000 0.000124 
4.145000 0.000669 
4.150000 -0.000658 
4.155000 0.000108 
4.160000 0.000352 
4.165000 -0.001333 
4.170000 -0.001060 
4.175000 0.001211 
4.180000 -0.000196 
4.185000 -0.001759 
4.190000 0.000688 
4.195000 0.001333 
4.200000 -0.002308 
4.205000 -0.002009 
4.210000 0.002623 
4.215000 0.001947 
4.220000 -0.001762 
4.225000 -0.000719 
4.230000 0.001525 
4.235000 -0.001292 
4.240000 -0.002771 
4.245000 0.000513 
4.250000 0.002360 
4.255000 0.000691 
4.260000 0.000026 
4.265000 0.000083 
4.270000 -0.001456 
4.275000 -0.001318 
4.280000 0.000763 
4.285000 0.001140 
4.290000 -0.000603 
4.295000 -0.000807 
4.300000 -0.000175 
4.305000 0.000019 
4.310000 0.000370 
4.315000 0.000646 
4.320000 -0.000013 
4.325000 -0.000580 
4.330000 -0.000415 
4.335000 -0.001002 
4.340000 -0.001025 
4.345000 0.000309 
4.350000 0.001229 
4.355000 0.000421 
4.360000 0.000214 
4.365000 0.000287 
4.370000 -0.000852 
4.375000 -0.001204 
4.380000 0.000594 
4.385000 0.001504 
4.390000 0.000003 
4.395000 -0.000580 
4.400000 -0.000161 
4.405000 -0.000333 
4.410000 0.000059 
4.415000 0.001788 
4.420000 0.001028 
4.425000 -0.001738 
4.430000 -0.001500 
4.435000 0.000867 
4.440000 0.000585 
4.445000 -0.000689 
4.450000 0.000972 
4.455000 0.001964 
4.460000 -0.000166 
4.465000 -0.001548 
4.470000 -0.000309 
4.475000 -0.000257 
4.480000 -0.000949 
4.485000 0.000431 
4.490000 0.001621 
4.495000 0.000175 
4.500000 -0.000921 
4.505000 0.000211 
4.510000 0.000408 
4.515000 -0.000717 
4.520000 -0.000930 
4.525000 -0.000112 
4.530000 0.000156 
4.535000 0.000344 
4.540000 0.000338 
4.545000 -0.000171 
4.550000 -0.000153 
4.555000 0.000257 
4.560000 -0.000322 
4.565000 -0.001058 
4.570000 -0.000116 
4.575000 0.000684 
4.580000 0.000190 
4.585000 -0.000046 
4.590000 0.000355 
4.595000 -0.000228 
4.600000 -0.000629 
4.605000 0.000243 
4.610000 0.000316 
4.615000 -0.000663 
4.620000 -0.000287 
4.625000 0.000870 
4.630000 0.000266 
4.635000 -0.000456 
4.640000 0.000074 
4.645000 -0.000091 
4.650000 -0.001030 
4.655000 -0.000081 
4.660000 0.001224 
4.665000 0.000144 
4.670000 -0.000841 
4.675000 0.000364 
4.680000 0.000767 
4.685000 -0.000826 
4.690000 -0.000888 
4.695000 0.000570 
4.700000 0.000436 
4.705000 -0.000669 
4.710000 -0.000203 
4.715000 0.000453 
4.720000 -0.000204 
4.725000 -0.000487 
4.730000 0.000208 
4.735000 0.000247 
4.740000 -0.000427 
4.745000 -0.000351 
4.750000 0.000086 
4.755000 0.000104 
4.760000 -0.000078 
4.765000 -0.000161 
4.770000 -0.000312 
4.775000 -0.000207 
4.780000 0.000094 
4.785000 0.000010 
4.790000 -0.000234 
4.795000 -0.000143 
4.800000 0.000065 
4.805000 0.000020 
4.810000 -0.000011 
4.815000 -0.000127 
4.820000 -0.000348 
4.825000 -0.000276 
4.830000 0.000083 
4.835000 0.000124 
4.840000 -0.000017 
4.845000 0.000099 
4.850000 0.000063 
4.855000 -0.000275 
4.860000 -0.000307 
4.865000 -0.000018 
4.870000 -0.000097 
4.875000 -0.000220 
4.880000 0.000108 
4.885000 0.000271 
4.890000 -0.000145 
4.895000 -0.000304 
4.900000 0.000069 
4.905000 0.000128 
4.910000 -0.000204 
4.915000 -0.000223 
4.920000 0.000029 
4.925000 0.000015 
4.930000 -0.000062 
4.935000 0.000049 
4.940000 0.000075 
4.945000 -0.000072 
4.950000 -0.000093 
4.955000 -0.000005 
4.960000 -0.000036 
4.965000 -0.000090 
4.970000 -0.000031 
4.975000 0.000042 
4.980000 0.000029 
4.985000 -0.000003 
4.990000 -0.000012 
4.995000 -0.000007 
