# Time(ps) Norm. Int.(No Units) 
0.000000 1.000000 
0.005000 0.668920 
0.010000 0.071860 
0.015000 -0.197846 
0.020000 -0.127517 
0.025000 -0.085923 
0.030000 -0.175175 
0.035000 -0.168489 
0.040000 0.049457 
0.045000 0.264770 
0.050000 0.227537 
0.055000 0.042438 
0.060000 0.038215 
0.065000 0.236410 
0.070000 0.280633 
0.075000 0.008212 
0.080000 -0.279440 
0.085000 -0.281125 
0.090000 -0.096961 
0.095000 0.012230 
0.100000 0.007742 
0.105000 0.036872 
0.110000 0.151030 
0.115000 0.221565 
0.120000 0.139554 
0.125000 -0.012457 
0.130000 -0.072909 
0.135000 -0.025791 
0.140000 0.005861 
0.145000 -0.041349 
0.150000 -0.096313 
0.155000 -0.082798 
0.160000 -0.027509 
0.165000 0.004675 
0.170000 0.020346 
0.175000 0.064039 
0.180000 0.112202 
0.185000 0.105602 
0.190000 0.051790 
0.195000 -0.007496 
0.200000 -0.071504 
0.205000 -0.126571 
0.210000 -0.115440 
0.215000 -0.036945 
0.220000 0.030524 
0.225000 0.040472 
0.230000 0.019643 
0.235000 0.014398 
0.240000 0.055510 
0.245000 0.119549 
0.250000 0.130555 
0.255000 0.070749 
0.260000 0.011546 
0.265000 -0.030142 
0.270000 -0.110120 
0.275000 -0.190677 
0.280000 -0.158019 
0.285000 -0.023382 
0.290000 0.085648 
0.295000 0.113000 
0.300000 0.101696 
0.305000 0.093224 
0.310000 0.091810 
0.315000 0.070737 
0.320000 -0.002293 
0.325000 -0.099796 
0.330000 -0.152223 
0.335000 -0.150234 
0.340000 -0.129408 
0.345000 -0.072955 
0.350000 0.045918 
0.355000 0.167410 
0.360000 0.206786 
0.365000 0.158339 
0.370000 0.066788 
0.375000 -0.035996 
0.380000 -0.118806 
0.385000 -0.143888 
0.390000 -0.107234 
0.395000 -0.051197 
0.400000 -0.017571 
0.405000 -0.001015 
0.410000 0.034017 
0.415000 0.091044 
0.420000 0.123728 
0.425000 0.096865 
0.430000 0.033084 
0.435000 -0.023238 
0.440000 -0.064042 
0.445000 -0.108225 
0.450000 -0.140924 
0.455000 -0.106961 
0.460000 -0.000213 
0.465000 0.089360 
0.470000 0.089087 
0.475000 0.049431 
0.480000 0.050125 
0.485000 0.070055 
0.490000 0.047886 
0.495000 -0.005014 
0.500000 -0.037006 
0.505000 -0.034831 
0.510000 -0.019023 
0.515000 -0.010140 
0.520000 -0.008333 
0.525000 0.012750 
0.530000 0.060194 
0.535000 0.087061 
0.540000 0.060412 
0.545000 0.018707 
0.550000 0.002430 
0.555000 -0.000800 
0.560000 -0.004460 
0.565000 -0.001592 
0.570000 -0.004117 
0.575000 -0.022820 
0.580000 -0.031656 
0.585000 -0.013864 
0.590000 0.006696 
0.595000 0.014742 
0.600000 0.023785 
0.605000 0.036543 
0.610000 0.038493 
0.615000 0.022427 
0.620000 -0.006853 
0.625000 -0.033204 
0.630000 -0.037717 
0.635000 -0.027656 
0.640000 -0.029204 
0.645000 -0.038163 
0.650000 -0.022573 
0.655000 0.020029 
0.660000 0.051972 
0.665000 0.046052 
0.670000 0.016471 
0.675000 -0.005194 
0.680000 -0.013214 
0.685000 -0.029614 
0.690000 -0.054967 
0.695000 -0.052110 
0.700000 -0.007489 
0.705000 0.032321 
0.710000 0.022990 
0.715000 -0.014317 
0.720000 -0.022314 
0.725000 0.018574 
0.730000 0.063552 
0.735000 0.056134 
0.740000 0.003272 
0.745000 -0.037463 
0.750000 -0.046574 
0.755000 -0.051618 
0.760000 -0.047285 
0.765000 0.000522 
0.770000 0.066173 
0.775000 0.077244 
0.780000 0.022479 
0.785000 -0.028695 
0.790000 -0.019137 
0.795000 0.027846 
0.800000 0.039620 
0.805000 -0.013602 
0.810000 -0.074038 
0.815000 -0.073780 
0.820000 -0.027918 
0.825000 0.006491 
0.830000 0.023745 
0.835000 0.047987 
0.840000 0.061837 
0.845000 0.031369 
0.850000 -0.026366 
0.855000 -0.055807 
0.860000 -0.030923 
0.865000 0.015826 
0.870000 0.033706 
0.875000 0.014003 
0.880000 -0.008054 
0.885000 -0.010186 
0.890000 -0.006169 
0.895000 -0.006771 
0.900000 0.000282 
0.905000 0.022894 
0.910000 0.047501 
0.915000 0.053369 
0.920000 0.031986 
0.925000 -0.004670 
0.930000 -0.035565 
0.935000 -0.048632 
0.940000 -0.036969 
0.945000 0.003857 
0.950000 0.053052 
0.955000 0.069870 
0.960000 0.043554 
0.965000 0.002680 
0.970000 -0.028351 
0.975000 -0.039582 
0.980000 -0.019640 
0.985000 0.023822 
0.990000 0.051924 
0.995000 0.036312 
1.000000 -0.010228 
1.005000 -0.049636 
1.010000 -0.044046 
1.015000 0.012252 
1.020000 0.070986 
1.025000 0.076725 
1.030000 0.033918 
1.035000 -0.013247 
1.040000 -0.041243 
1.045000 -0.045025 
1.050000 -0.016907 
1.055000 0.032380 
1.060000 0.067148 
1.065000 0.061238 
1.070000 0.017859 
1.075000 -0.034477 
1.080000 -0.052678 
1.085000 -0.016064 
1.090000 0.040535 
1.095000 0.062725 
1.100000 0.037996 
1.105000 -0.005679 
1.110000 -0.040051 
1.115000 -0.049034 
1.120000 -0.025958 
1.125000 0.017203 
1.130000 0.050054 
1.135000 0.046751 
1.140000 0.008991 
1.145000 -0.034158 
1.150000 -0.050609 
1.155000 -0.031478 
1.160000 0.005834 
1.165000 0.033366 
1.170000 0.030120 
1.175000 -0.002349 
1.180000 -0.035337 
1.185000 -0.035222 
1.190000 0.001861 
1.195000 0.041179 
1.200000 0.042914 
1.205000 0.008827 
1.210000 -0.018420 
1.215000 -0.014708 
1.220000 -0.004936 
1.225000 -0.009325 
1.230000 -0.004300 
1.235000 0.023262 
1.240000 0.035209 
1.245000 0.004605 
1.250000 -0.029017 
1.255000 -0.014133 
1.260000 0.037256 
1.265000 0.063951 
1.270000 0.032188 
1.275000 -0.022088 
1.280000 -0.038501 
1.285000 -0.014097 
1.290000 -0.000730 
1.295000 -0.013496 
1.300000 -0.007053 
1.305000 0.033995 
1.310000 0.056952 
1.315000 0.026706 
1.320000 -0.018804 
1.325000 -0.030447 
1.330000 -0.013288 
1.335000 -0.004170 
1.340000 -0.015147 
1.345000 -0.020778 
1.350000 0.000921 
1.355000 0.029227 
1.360000 0.026389 
1.365000 -0.001511 
1.370000 -0.010339 
1.375000 0.010950 
1.380000 0.024205 
1.385000 0.006941 
1.390000 -0.016144 
1.395000 -0.020525 
1.400000 -0.014659 
1.405000 -0.008469 
1.410000 0.010482 
1.415000 0.045575 
1.420000 0.065308 
1.425000 0.038377 
1.430000 -0.017570 
1.435000 -0.048035 
1.440000 -0.025598 
1.445000 0.017207 
1.450000 0.031993 
1.455000 0.016274 
1.460000 0.002939 
1.465000 -0.000390 
1.470000 -0.013839 
1.475000 -0.027677 
1.480000 -0.004391 
1.485000 0.046645 
1.490000 0.060510 
1.495000 0.008645 
1.500000 -0.053178 
1.505000 -0.057651 
1.510000 -0.009979 
1.515000 0.028186 
1.520000 0.021912 
1.525000 0.000979 
1.530000 0.004343 
1.535000 0.015416 
1.540000 -0.004683 
1.545000 -0.037415 
1.550000 -0.025899 
1.555000 0.028561 
1.560000 0.058095 
1.565000 0.026660 
1.570000 -0.023110 
1.575000 -0.036653 
1.580000 -0.015993 
1.585000 -0.000788 
1.590000 -0.006630 
1.595000 -0.009171 
1.600000 0.010827 
1.605000 0.032432 
1.610000 0.025858 
1.615000 0.000563 
1.620000 -0.009017 
1.625000 0.003526 
1.630000 0.009984 
1.635000 -0.008641 
1.640000 -0.037651 
1.645000 -0.049202 
1.650000 -0.030167 
1.655000 0.009943 
1.660000 0.045805 
1.665000 0.053497 
1.670000 0.031534 
1.675000 0.001488 
1.680000 -0.018955 
1.685000 -0.032010 
1.690000 -0.041054 
1.695000 -0.034819 
1.700000 -0.007109 
1.705000 0.022790 
1.710000 0.028801 
1.715000 0.011523 
1.720000 -0.001046 
1.725000 0.009889 
1.730000 0.025095 
1.735000 0.010902 
1.740000 -0.027831 
1.745000 -0.046378 
1.750000 -0.023152 
1.755000 0.008789 
1.760000 0.012472 
1.765000 -0.002370 
1.770000 -0.002822 
1.775000 0.015951 
1.780000 0.026089 
1.785000 0.007888 
1.790000 -0.020667 
1.795000 -0.026476 
1.800000 -0.009274 
1.805000 -0.002133 
1.810000 -0.017413 
1.815000 -0.024950 
1.820000 -0.001639 
1.825000 0.028340 
1.830000 0.027119 
1.835000 -0.003854 
1.840000 -0.028087 
1.845000 -0.023365 
1.850000 -0.005769 
1.855000 0.000133 
1.860000 -0.002769 
1.865000 0.003391 
1.870000 0.014658 
1.875000 0.008835 
1.880000 -0.015405 
1.885000 -0.030382 
1.890000 -0.017141 
1.895000 0.008976 
1.900000 0.019958 
1.905000 0.009718 
1.910000 -0.004232 
1.915000 -0.006674 
1.920000 0.000513 
1.925000 0.007926 
1.930000 0.009971 
1.935000 0.004653 
1.940000 -0.007612 
1.945000 -0.021685 
1.950000 -0.028870 
1.955000 -0.022076 
1.960000 -0.001169 
1.965000 0.023704 
1.970000 0.037406 
1.975000 0.031925 
1.980000 0.011169 
1.985000 -0.014431 
1.990000 -0.033167 
1.995000 -0.037139 
2.000000 -0.028041 
2.005000 -0.013409 
2.010000 0.002633 
2.015000 0.018179 
2.020000 0.027788 
2.025000 0.026330 
2.030000 0.013634 
2.035000 -0.006699 
2.040000 -0.025767 
2.045000 -0.030873 
2.050000 -0.019169 
2.055000 -0.003821 
2.060000 0.001711 
2.065000 -0.001537 
2.070000 -0.002874 
2.075000 0.004635 
2.080000 0.016423 
2.085000 0.020336 
2.090000 0.011106 
2.095000 -0.003767 
2.100000 -0.016902 
2.105000 -0.027781 
2.110000 -0.030587 
2.115000 -0.013516 
2.120000 0.019095 
2.125000 0.040096 
2.130000 0.027667 
2.135000 -0.006719 
2.140000 -0.028121 
2.145000 -0.016977 
2.150000 0.008599 
2.155000 0.017573 
2.160000 0.005515 
2.165000 -0.007164 
2.170000 -0.009412 
2.175000 -0.008217 
2.180000 -0.005890 
2.185000 0.005500 
2.190000 0.022613 
2.195000 0.024174 
2.200000 -0.001808 
2.205000 -0.033655 
2.210000 -0.035048 
2.215000 -0.000652 
2.220000 0.033392 
2.225000 0.033240 
2.230000 0.006089 
2.235000 -0.016470 
2.240000 -0.018948 
2.245000 -0.010709 
2.250000 -0.003671 
2.255000 0.002199 
2.260000 0.008901 
2.265000 0.008663 
2.270000 -0.004437 
2.275000 -0.016263 
2.280000 -0.006144 
2.285000 0.019899 
2.290000 0.030584 
2.295000 0.009426 
2.300000 -0.023917 
2.305000 -0.038467 
2.310000 -0.026122 
2.315000 -0.004284 
2.320000 0.010266 
2.325000 0.018555 
2.330000 0.024850 
2.335000 0.019990 
2.340000 -0.002186 
2.345000 -0.024366 
2.350000 -0.025338 
2.355000 -0.010319 
2.360000 -0.000620 
2.365000 -0.002476 
2.370000 -0.004314 
2.375000 0.001519 
2.380000 0.008257 
2.385000 0.006915 
2.390000 0.001667 
2.395000 0.003895 
2.400000 0.011081 
2.405000 0.007183 
2.410000 -0.011258 
2.415000 -0.027327 
2.420000 -0.026897 
2.425000 -0.012576 
2.430000 0.006508 
2.435000 0.022643 
2.440000 0.028387 
2.445000 0.019760 
2.450000 0.000905 
2.455000 -0.017449 
2.460000 -0.023981 
2.465000 -0.015767 
2.470000 -0.002021 
2.475000 0.006759 
2.480000 0.009163 
2.485000 0.007284 
2.490000 0.001413 
2.495000 -0.004357 
2.500000 -0.003881 
2.505000 0.000862 
2.510000 0.002056 
2.515000 -0.003063 
2.520000 -0.010718 
2.525000 -0.015265 
2.530000 -0.012902 
2.535000 -0.005492 
2.540000 0.001723 
2.545000 0.006834 
2.550000 0.008167 
2.555000 -0.000435 
2.560000 -0.018604 
2.565000 -0.031398 
2.570000 -0.025272 
2.575000 -0.004941 
2.580000 0.013157 
2.585000 0.016963 
2.590000 0.006560 
2.595000 -0.008089 
2.600000 -0.017424 
2.605000 -0.019502 
2.610000 -0.014826 
2.615000 -0.003224 
2.620000 0.008718 
2.625000 0.010188 
2.630000 0.001449 
2.635000 -0.005702 
2.640000 -0.004113 
2.645000 0.002572 
2.650000 0.007362 
2.655000 0.005684 
2.660000 -0.002551 
2.665000 -0.012504 
2.670000 -0.017322 
2.675000 -0.011658 
2.680000 0.004192 
2.685000 0.019624 
2.690000 0.020708 
2.695000 0.007321 
2.700000 -0.006345 
2.705000 -0.011243 
2.710000 -0.011202 
2.715000 -0.010302 
2.720000 -0.005781 
2.725000 0.003555 
2.730000 0.010109 
2.735000 0.004777 
2.740000 -0.008017 
2.745000 -0.010828 
2.750000 0.002600 
2.755000 0.014340 
2.760000 0.007730 
2.765000 -0.007323 
2.770000 -0.011669 
2.775000 -0.005943 
2.780000 -0.004292 
2.785000 -0.008936 
2.790000 -0.007126 
2.795000 0.007228 
2.800000 0.019222 
2.805000 0.010504 
2.810000 -0.010945 
2.815000 -0.017499 
2.820000 -0.002798 
2.825000 0.008598 
2.830000 0.000683 
2.835000 -0.011600 
2.840000 -0.009892 
2.845000 0.001171 
2.850000 0.006207 
2.855000 0.002260 
2.860000 -0.000620 
2.865000 0.002861 
2.870000 0.003959 
2.875000 -0.005385 
2.880000 -0.015440 
2.885000 -0.010724 
2.890000 0.005067 
2.895000 0.013208 
2.900000 0.006192 
2.905000 -0.005428 
2.910000 -0.009749 
2.915000 -0.005395 
2.920000 0.001644 
2.925000 0.005832 
2.930000 0.005841 
2.935000 0.002852 
2.940000 -0.001683 
2.945000 -0.005044 
2.950000 -0.004013 
2.955000 0.000943 
2.960000 0.005577 
2.965000 0.006408 
2.970000 0.003022 
2.975000 -0.002077 
2.980000 -0.004567 
2.985000 -0.002129 
2.990000 0.003101 
2.995000 0.007051 
3.000000 0.006258 
3.005000 -0.000032 
3.010000 -0.006396 
3.015000 -0.005506 
3.020000 0.000698 
3.025000 0.002977 
3.030000 -0.000762 
3.035000 -0.003739 
3.040000 -0.001989 
3.045000 0.001902 
3.050000 0.003693 
3.055000 0.000905 
3.060000 -0.004300 
3.065000 -0.006422 
3.070000 -0.004824 
3.075000 -0.003771 
3.080000 -0.002761 
3.085000 0.001257 
3.090000 0.003931 
3.095000 -0.000135 
3.100000 -0.006136 
3.105000 -0.006445 
3.110000 -0.001578 
3.115000 0.003627 
3.120000 0.005454 
3.125000 0.001321 
3.130000 -0.006502 
3.135000 -0.010012 
3.140000 -0.004881 
3.145000 0.004279 
3.150000 0.009923 
3.155000 0.007594 
3.160000 -0.001059 
3.165000 -0.007506 
3.170000 -0.004899 
3.175000 0.002191 
3.180000 0.004804 
3.185000 0.002874 
3.190000 0.002070 
3.195000 0.002454 
3.200000 -0.000082 
3.205000 -0.004491 
3.210000 -0.004418 
3.215000 0.002343 
3.220000 0.008688 
3.225000 0.006340 
3.230000 -0.002201 
3.235000 -0.006000 
3.240000 -0.000671 
3.245000 0.005795 
3.250000 0.004337 
3.255000 -0.003286 
3.260000 -0.007395 
3.265000 -0.003558 
3.270000 0.001769 
3.275000 0.001892 
3.280000 0.000374 
3.285000 0.003130 
3.290000 0.006090 
3.295000 0.001361 
3.300000 -0.008858 
3.305000 -0.013731 
3.310000 -0.006745 
3.315000 0.006553 
3.320000 0.012717 
3.325000 0.004811 
3.330000 -0.007503 
3.335000 -0.009848 
3.340000 -0.002504 
3.345000 0.003243 
3.350000 0.003284 
3.355000 0.002321 
3.360000 0.002165 
3.365000 -0.000501 
3.370000 -0.006868 
3.375000 -0.011454 
3.380000 -0.005931 
3.385000 0.008848 
3.390000 0.017631 
3.395000 0.008389 
3.400000 -0.008788 
3.405000 -0.014450 
3.410000 -0.006169 
3.415000 0.002477 
3.420000 0.003461 
3.425000 0.001090 
3.430000 0.000597 
3.435000 0.000372 
3.440000 -0.002960 
3.445000 -0.006257 
3.450000 -0.002460 
3.455000 0.006851 
3.460000 0.009796 
3.465000 0.000878 
3.470000 -0.009560 
3.475000 -0.009817 
3.480000 -0.002276 
3.485000 0.002938 
3.490000 0.002752 
3.495000 0.002080 
3.500000 0.003417 
3.505000 0.002917 
3.510000 -0.001831 
3.515000 -0.006174 
3.520000 -0.005067 
3.525000 -0.000815 
3.530000 0.001370 
3.535000 0.001401 
3.540000 0.002330 
3.545000 0.003561 
3.550000 0.001346 
3.555000 -0.004514 
3.560000 -0.007997 
3.565000 -0.003961 
3.570000 0.003275 
3.575000 0.004659 
3.580000 -0.000027 
3.585000 -0.002395 
3.590000 0.000099 
3.595000 0.001199 
3.600000 -0.001663 
3.605000 -0.003288 
3.610000 -0.000741 
3.615000 0.001460 
3.620000 -0.001556 
3.625000 -0.006914 
3.630000 -0.006128 
3.635000 0.003017 
3.640000 0.010460 
3.645000 0.006519 
3.650000 -0.003666 
3.655000 -0.008170 
3.660000 -0.005591 
3.665000 -0.003095 
3.670000 -0.002629 
3.675000 -0.000271 
3.680000 0.004303 
3.685000 0.006142 
3.690000 0.002120 
3.695000 -0.003999 
3.700000 -0.005161 
3.705000 -0.000233 
3.710000 0.003686 
3.715000 0.001232 
3.720000 -0.003823 
3.725000 -0.005210 
3.730000 -0.002619 
3.735000 0.000453 
3.740000 0.002235 
3.745000 0.003003 
3.750000 0.003066 
3.755000 0.001961 
3.760000 -0.000960 
3.765000 -0.004678 
3.770000 -0.006248 
3.775000 -0.004043 
3.780000 0.000015 
3.785000 0.002579 
3.790000 0.002007 
3.795000 -0.000524 
3.800000 -0.002143 
3.805000 -0.001331 
3.810000 0.000309 
3.815000 0.000584 
3.820000 -0.000439 
3.825000 -0.001625 
3.830000 -0.002747 
3.835000 -0.003739 
3.840000 -0.003570 
3.845000 -0.001038 
3.850000 0.003164 
3.855000 0.005433 
3.860000 0.002424 
3.865000 -0.003859 
3.870000 -0.007299 
3.875000 -0.005033 
3.880000 -0.000086 
3.885000 0.003478 
3.890000 0.004104 
3.895000 0.001931 
3.900000 -0.001865 
3.905000 -0.004957 
3.910000 -0.005083 
3.915000 -0.001867 
3.920000 0.002167 
3.925000 0.003085 
3.930000 -0.000043 
3.935000 -0.003362 
3.940000 -0.003192 
3.945000 -0.000571 
3.950000 0.001392 
3.955000 0.001584 
3.960000 0.000288 
3.965000 -0.002261 
3.970000 -0.005013 
3.975000 -0.005875 
3.980000 -0.003478 
3.985000 0.001064 
3.990000 0.004325 
3.995000 0.003598 
4.000000 0.000042 
4.005000 -0.002894 
4.010000 -0.003759 
4.015000 -0.003515 
4.020000 -0.002844 
4.025000 -0.001674 
4.030000 -0.000376 
4.035000 0.000320 
4.040000 0.000058 
4.045000 -0.000696 
4.050000 -0.000716 
4.055000 0.000425 
4.060000 0.001171 
4.065000 0.000082 
4.070000 -0.001918 
4.075000 -0.003055 
4.080000 -0.002891 
4.085000 -0.001868 
4.090000 -0.000491 
4.095000 0.000627 
4.100000 0.001226 
4.105000 0.001498 
4.110000 0.001233 
4.115000 0.000093 
4.120000 -0.001384 
4.125000 -0.002312 
4.130000 -0.002343 
4.135000 -0.001539 
4.140000 -0.000443 
4.145000 0.000104 
4.150000 0.000198 
4.155000 0.000674 
4.160000 0.001135 
4.165000 0.000315 
4.170000 -0.001301 
4.175000 -0.001652 
4.180000 -0.000218 
4.185000 0.000994 
4.190000 0.000107 
4.195000 -0.001982 
4.200000 -0.002549 
4.205000 -0.000722 
4.210000 0.001258 
4.215000 0.001387 
4.220000 0.000461 
4.225000 -0.000171 
4.230000 -0.000893 
4.235000 -0.002018 
4.240000 -0.002109 
4.245000 -0.000132 
4.250000 0.002224 
4.255000 0.002159 
4.260000 -0.000571 
4.265000 -0.002912 
4.270000 -0.002284 
4.275000 0.000029 
4.280000 0.001007 
4.285000 0.000192 
4.290000 -0.000631 
4.295000 -0.000748 
4.300000 -0.000716 
4.305000 -0.000371 
4.310000 0.000802 
4.315000 0.001912 
4.320000 0.001140 
4.325000 -0.001779 
4.330000 -0.004322 
4.335000 -0.003492 
4.340000 0.000285 
4.345000 0.003199 
4.350000 0.002832 
4.355000 0.000758 
4.360000 -0.000589 
4.365000 -0.000989 
4.370000 -0.001160 
4.375000 -0.000856 
4.380000 0.000246 
4.385000 0.001144 
4.390000 0.000365 
4.395000 -0.001786 
4.400000 -0.002725 
4.405000 -0.000513 
4.410000 0.003036 
4.415000 0.004048 
4.420000 0.001453 
4.425000 -0.001881 
4.430000 -0.003015 
4.435000 -0.001971 
4.440000 -0.000532 
4.445000 0.000316 
4.450000 0.000865 
4.455000 0.001288 
4.460000 0.000933 
4.465000 -0.000452 
4.470000 -0.001617 
4.475000 -0.001105 
4.480000 0.000616 
4.485000 0.001447 
4.490000 0.000248 
4.495000 -0.001652 
4.500000 -0.002044 
4.505000 -0.000594 
4.510000 0.000851 
4.515000 0.000815 
4.520000 -0.000037 
4.525000 -0.000302 
4.530000 0.000052 
4.535000 -0.000034 
4.540000 -0.000849 
4.545000 -0.001321 
4.550000 -0.000518 
4.555000 0.000786 
4.560000 0.000917 
4.565000 -0.000307 
4.570000 -0.001208 
4.575000 -0.000696 
4.580000 0.000274 
4.585000 0.000345 
4.590000 -0.000322 
4.595000 -0.000564 
4.600000 0.000034 
4.605000 0.000585 
4.610000 0.000182 
4.615000 -0.000646 
4.620000 -0.000590 
4.625000 0.000338 
4.630000 0.000666 
4.635000 -0.000236 
4.640000 -0.001160 
4.645000 -0.000912 
4.650000 0.000117 
4.655000 0.000767 
4.660000 0.000638 
4.665000 0.000288 
4.670000 0.000194 
4.675000 0.000065 
4.680000 -0.000482 
4.685000 -0.000993 
4.690000 -0.000777 
4.695000 -0.000098 
4.700000 0.000227 
4.705000 0.000111 
4.710000 0.000079 
4.715000 0.000209 
4.720000 0.000112 
4.725000 -0.000253 
4.730000 -0.000472 
4.735000 -0.000348 
4.740000 -0.000206 
4.745000 -0.000360 
4.750000 -0.000570 
4.755000 -0.000395 
4.760000 0.000055 
4.765000 0.000251 
4.770000 0.000082 
4.775000 -0.000051 
4.780000 -0.000002 
4.785000 -0.000141 
4.790000 -0.000647 
4.795000 -0.001010 
4.800000 -0.000632 
4.805000 0.000235 
4.810000 0.000647 
4.815000 0.000169 
4.820000 -0.000556 
4.825000 -0.000702 
4.830000 -0.000291 
4.835000 0.000044 
4.840000 0.000003 
4.845000 -0.000121 
4.850000 -0.000056 
4.855000 -0.000007 
4.860000 -0.000257 
4.865000 -0.000546 
4.870000 -0.000347 
4.875000 0.000254 
4.880000 0.000525 
4.885000 0.000096 
4.890000 -0.000509 
4.895000 -0.000592 
4.900000 -0.000153 
4.905000 0.000230 
4.910000 0.000199 
4.915000 -0.000018 
4.920000 -0.000067 
4.925000 0.000002 
4.930000 -0.000077 
4.935000 -0.000267 
4.940000 -0.000275 
4.945000 -0.000036 
4.950000 0.000175 
4.955000 0.000134 
4.960000 -0.000054 
4.965000 -0.000143 
4.970000 -0.000070 
4.975000 0.000019 
4.980000 0.000022 
4.985000 -0.000006 
4.990000 -0.000005 
4.995000 0.000001 
