# Time(ps) Norm. Int.(No Units) 
0.000000 1.000000 
0.005000 0.593622 
0.010000 -0.027219 
0.015000 -0.053832 
0.020000 0.270002 
0.025000 0.179516 
0.030000 -0.296810 
0.035000 -0.436808 
0.040000 -0.038376 
0.045000 0.298191 
0.050000 0.174365 
0.055000 -0.028000 
0.060000 0.129942 
0.065000 0.399866 
0.070000 0.302112 
0.075000 -0.043997 
0.080000 -0.125456 
0.085000 0.107937 
0.090000 0.195423 
0.095000 -0.028552 
0.100000 -0.162754 
0.105000 0.054946 
0.110000 0.283876 
0.115000 0.150799 
0.120000 -0.121491 
0.125000 -0.101919 
0.130000 0.120470 
0.135000 0.118059 
0.140000 -0.122946 
0.145000 -0.184398 
0.150000 0.067903 
0.155000 0.263319 
0.160000 0.134647 
0.165000 -0.070150 
0.170000 -0.008254 
0.175000 0.208738 
0.180000 0.196493 
0.185000 -0.084959 
0.190000 -0.251706 
0.195000 -0.092001 
0.200000 0.103326 
0.205000 0.018775 
0.210000 -0.169231 
0.215000 -0.090836 
0.220000 0.189972 
0.225000 0.264334 
0.230000 0.042746 
0.235000 -0.112232 
0.240000 0.003047 
0.245000 0.118493 
0.250000 -0.012931 
0.255000 -0.188529 
0.260000 -0.123797 
0.265000 0.056561 
0.270000 0.052392 
0.275000 -0.092970 
0.280000 -0.085097 
0.285000 0.106287 
0.290000 0.192628 
0.295000 0.049641 
0.300000 -0.076431 
0.305000 0.017035 
0.310000 0.141270 
0.315000 0.031113 
0.320000 -0.186436 
0.325000 -0.178185 
0.330000 0.033345 
0.335000 0.092793 
0.340000 -0.086651 
0.345000 -0.168375 
0.350000 0.030434 
0.355000 0.216253 
0.360000 0.112729 
0.365000 -0.082568 
0.370000 -0.054311 
0.375000 0.102268 
0.380000 0.081232 
0.385000 -0.101629 
0.390000 -0.160906 
0.395000 -0.026862 
0.400000 0.076669 
0.405000 0.024167 
0.410000 -0.041626 
0.415000 0.012789 
0.420000 0.091988 
0.425000 0.049137 
0.430000 -0.061945 
0.435000 -0.075198 
0.440000 0.011189 
0.445000 0.036885 
0.450000 -0.040675 
0.455000 -0.073171 
0.460000 0.013964 
0.465000 0.086666 
0.470000 0.035436 
0.475000 -0.040757 
0.480000 -0.017484 
0.485000 0.040751 
0.490000 0.005100 
0.495000 -0.090642 
0.500000 -0.109166 
0.505000 -0.029514 
0.510000 0.041035 
0.515000 0.041846 
0.520000 0.020992 
0.525000 0.032595 
0.530000 0.061778 
0.535000 0.057768 
0.540000 0.000829 
0.545000 -0.065657 
0.550000 -0.079127 
0.555000 -0.044341 
0.560000 -0.027581 
0.565000 -0.041188 
0.570000 -0.018050 
0.575000 0.058617 
0.580000 0.104336 
0.585000 0.069315 
0.590000 0.020898 
0.595000 0.022970 
0.600000 0.030494 
0.605000 -0.019670 
0.610000 -0.089874 
0.615000 -0.096621 
0.620000 -0.035876 
0.625000 0.022193 
0.630000 0.038626 
0.635000 0.039420 
0.640000 0.049888 
0.645000 0.052562 
0.650000 0.026945 
0.655000 -0.006050 
0.660000 -0.014127 
0.665000 -0.010636 
0.670000 -0.032103 
0.675000 -0.058600 
0.680000 -0.029070 
0.685000 0.043862 
0.690000 0.067746 
0.695000 0.018681 
0.700000 -0.012740 
0.705000 0.021712 
0.710000 0.045362 
0.715000 -0.002923 
0.720000 -0.064366 
0.725000 -0.068097 
0.730000 -0.034925 
0.735000 -0.009609 
0.740000 0.012155 
0.745000 0.034482 
0.750000 0.029227 
0.755000 -0.001188 
0.760000 -0.010713 
0.765000 0.006566 
0.770000 -0.001073 
0.775000 -0.048030 
0.780000 -0.078691 
0.785000 -0.058330 
0.790000 -0.024191 
0.795000 -0.015750 
0.800000 -0.016193 
0.805000 0.003945 
0.810000 0.029405 
0.815000 0.022962 
0.820000 -0.012821 
0.825000 -0.034118 
0.830000 -0.024171 
0.835000 -0.024145 
0.840000 -0.059288 
0.845000 -0.078446 
0.850000 -0.033220 
0.855000 0.026009 
0.860000 0.023379 
0.865000 -0.014598 
0.870000 -0.010945 
0.875000 0.021870 
0.880000 0.013337 
0.885000 -0.026900 
0.890000 -0.029669 
0.895000 -0.001191 
0.900000 -0.009105 
0.905000 -0.047169 
0.910000 -0.041827 
0.915000 0.008754 
0.920000 0.026186 
0.925000 -0.008747 
0.930000 -0.024983 
0.935000 0.009543 
0.940000 0.033045 
0.945000 -0.001428 
0.950000 -0.046592 
0.955000 -0.036980 
0.960000 0.009738 
0.965000 0.020235 
0.970000 -0.022919 
0.975000 -0.050963 
0.980000 -0.012184 
0.985000 0.041808 
0.990000 0.031388 
0.995000 -0.023323 
1.000000 -0.035966 
1.005000 0.003119 
1.010000 0.018413 
1.015000 -0.017467 
1.020000 -0.045153 
1.025000 -0.025259 
1.030000 0.007503 
1.035000 0.015092 
1.040000 0.007882 
1.045000 0.007782 
1.050000 0.011997 
1.055000 0.007627 
1.060000 -0.006582 
1.065000 -0.019247 
1.070000 -0.018301 
1.075000 -0.008963 
1.080000 -0.011531 
1.085000 -0.026084 
1.090000 -0.022057 
1.095000 0.009383 
1.100000 0.027028 
1.105000 0.005561 
1.110000 -0.012940 
1.115000 0.009147 
1.120000 0.028508 
1.125000 -0.007819 
1.130000 -0.059386 
1.135000 -0.051549 
1.140000 -0.002938 
1.145000 0.006282 
1.150000 -0.028276 
1.155000 -0.032167 
1.160000 0.016613 
1.165000 0.048685 
1.170000 0.016118 
1.175000 -0.031875 
1.180000 -0.027769 
1.185000 0.008470 
1.190000 0.003921 
1.195000 -0.044131 
1.200000 -0.056790 
1.205000 -0.004023 
1.210000 0.038363 
1.215000 0.013313 
1.220000 -0.020841 
1.225000 0.004022 
1.230000 0.042371 
1.235000 0.017150 
1.240000 -0.039670 
1.245000 -0.041820 
1.250000 0.002221 
1.255000 0.013282 
1.260000 -0.014691 
1.265000 -0.014446 
1.270000 0.023020 
1.275000 0.033482 
1.280000 0.000395 
1.285000 -0.017121 
1.290000 0.006626 
1.295000 0.021173 
1.300000 -0.007609 
1.305000 -0.038997 
1.310000 -0.025513 
1.315000 0.012365 
1.320000 0.019501 
1.325000 -0.009418 
1.330000 -0.021551 
1.335000 0.011066 
1.340000 0.042469 
1.345000 0.022516 
1.350000 -0.021455 
1.355000 -0.029165 
1.360000 -0.004123 
1.365000 0.003044 
1.370000 -0.014195 
1.375000 -0.016984 
1.380000 0.002496 
1.385000 0.013357 
1.390000 0.008260 
1.395000 0.011354 
1.400000 0.025894 
1.405000 0.025957 
1.410000 0.003018 
1.415000 -0.018970 
1.420000 -0.018762 
1.425000 -0.002849 
1.430000 0.006521 
1.435000 -0.002746 
1.440000 -0.016025 
1.445000 -0.006130 
1.450000 0.025096 
1.455000 0.038686 
1.460000 0.014212 
1.465000 -0.014610 
1.470000 -0.012316 
1.475000 0.003321 
1.480000 -0.001806 
1.485000 -0.018727 
1.490000 -0.017382 
1.495000 -0.001359 
1.500000 0.003647 
1.505000 -0.002116 
1.510000 0.003310 
1.515000 0.020306 
1.520000 0.024389 
1.525000 0.006338 
1.530000 -0.012414 
1.535000 -0.012221 
1.540000 -0.002780 
1.545000 -0.004485 
1.550000 -0.013651 
1.555000 -0.007168 
1.560000 0.017074 
1.565000 0.030223 
1.570000 0.017810 
1.575000 0.006197 
1.580000 0.015949 
1.585000 0.021883 
1.590000 -0.000235 
1.595000 -0.022543 
1.600000 -0.011122 
1.605000 0.012486 
1.610000 0.011023 
1.615000 -0.002134 
1.620000 0.006761 
1.625000 0.027180 
1.630000 0.025773 
1.635000 0.006447 
1.640000 -0.001684 
1.645000 0.003197 
1.650000 0.000288 
1.655000 -0.010588 
1.660000 -0.010183 
1.665000 0.003194 
1.670000 0.011589 
1.675000 0.008947 
1.680000 0.007097 
1.685000 0.011309 
1.690000 0.012314 
1.695000 0.004947 
1.700000 -0.001785 
1.705000 0.000539 
1.710000 0.004269 
1.715000 -0.002727 
1.720000 -0.012326 
1.725000 -0.004123 
1.730000 0.016359 
1.735000 0.018743 
1.740000 0.000308 
1.745000 -0.003765 
1.750000 0.017513 
1.755000 0.027033 
1.760000 0.003900 
1.765000 -0.019059 
1.770000 -0.011667 
1.775000 0.006786 
1.780000 0.007269 
1.785000 -0.002862 
1.790000 -0.002427 
1.795000 0.006265 
1.800000 0.009027 
1.805000 0.006771 
1.810000 0.008061 
1.815000 0.009459 
1.820000 0.002422 
1.825000 -0.008923 
1.830000 -0.012205 
1.835000 -0.004779 
1.840000 0.002773 
1.845000 0.000680 
1.850000 -0.006502 
1.855000 -0.004317 
1.860000 0.010081 
1.865000 0.018907 
1.870000 0.008738 
1.875000 -0.006323 
1.880000 -0.005987 
1.885000 0.003552 
1.890000 0.002453 
1.895000 -0.008447 
1.900000 -0.011222 
1.905000 -0.001039 
1.910000 0.008731 
1.915000 0.008088 
1.920000 0.002414 
1.925000 0.002609 
1.930000 0.009428 
1.935000 0.011392 
1.940000 0.001236 
1.945000 -0.010256 
1.950000 -0.008412 
1.955000 0.001028 
1.960000 0.000683 
1.965000 -0.006563 
1.970000 -0.000829 
1.975000 0.015837 
1.980000 0.016923 
1.985000 -0.001906 
1.990000 -0.010776 
1.995000 0.003348 
2.000000 0.013001 
2.005000 -0.000982 
2.010000 -0.015899 
2.015000 -0.007890 
2.020000 0.008467 
2.025000 0.008713 
2.030000 -0.000885 
2.035000 0.000854 
2.040000 0.011536 
2.045000 0.010364 
2.050000 -0.004554 
2.055000 -0.010437 
2.060000 0.002489 
2.065000 0.011437 
2.070000 -0.002881 
2.075000 -0.020345 
2.080000 -0.010395 
2.085000 0.015900 
2.090000 0.019999 
2.095000 -0.001615 
2.100000 -0.011341 
2.105000 0.006219 
2.110000 0.019142 
2.115000 0.003947 
2.120000 -0.015730 
2.125000 -0.012500 
2.130000 0.000290 
2.135000 -0.001426 
2.140000 -0.009385 
2.145000 -0.002816 
2.150000 0.012294 
2.155000 0.014850 
2.160000 0.004494 
2.165000 -0.000470 
2.170000 0.005587 
2.175000 0.007455 
2.180000 -0.005161 
2.185000 -0.018360 
2.190000 -0.012408 
2.195000 0.007009 
2.200000 0.014080 
2.205000 0.001441 
2.210000 -0.007627 
2.215000 0.004110 
2.220000 0.019566 
2.225000 0.013844 
2.230000 -0.006339 
2.235000 -0.013456 
2.240000 -0.001818 
2.245000 0.006309 
2.250000 -0.001851 
2.255000 -0.010405 
2.260000 -0.002125 
2.265000 0.013798 
2.270000 0.015855 
2.275000 0.002702 
2.280000 -0.004910 
2.285000 0.004072 
2.290000 0.012550 
2.295000 0.001612 
2.300000 -0.016208 
2.305000 -0.013710 
2.310000 0.006075 
2.315000 0.013278 
2.320000 0.001247 
2.325000 -0.003278 
2.330000 0.010941 
2.335000 0.018667 
2.340000 0.003302 
2.345000 -0.012555 
2.350000 -0.005719 
2.355000 0.007911 
2.360000 0.001827 
2.365000 -0.014525 
2.370000 -0.011172 
2.375000 0.011582 
2.380000 0.022097 
2.385000 0.007229 
2.390000 -0.008281 
2.395000 -0.002499 
2.400000 0.009734 
2.405000 0.003492 
2.410000 -0.013747 
2.415000 -0.014298 
2.420000 0.002624 
2.425000 0.008954 
2.430000 -0.003876 
2.435000 -0.009607 
2.440000 0.006518 
2.445000 0.019950 
2.450000 0.007761 
2.455000 -0.011721 
2.460000 -0.008867 
2.465000 0.008960 
2.470000 0.011004 
2.475000 -0.006700 
2.480000 -0.016538 
2.485000 -0.003740 
2.490000 0.012228 
2.495000 0.009383 
2.500000 -0.004437 
2.505000 -0.006633 
2.510000 0.004462 
2.515000 0.008833 
2.520000 -0.001810 
2.525000 -0.010515 
2.530000 -0.003722 
2.535000 0.005179 
2.540000 -0.001292 
2.545000 -0.012832 
2.550000 -0.007702 
2.555000 0.007894 
2.560000 0.007638 
2.565000 -0.009554 
2.570000 -0.015162 
2.575000 0.001587 
2.580000 0.014028 
2.585000 0.000739 
2.590000 -0.018664 
2.595000 -0.013778 
2.600000 0.007783 
2.605000 0.011685 
2.610000 -0.008019 
2.615000 -0.018287 
2.620000 -0.000511 
2.625000 0.017999 
2.630000 0.008159 
2.635000 -0.012551 
2.640000 -0.009314 
2.645000 0.010928 
2.650000 0.011006 
2.655000 -0.012307 
2.660000 -0.021021 
2.665000 0.000091 
2.670000 0.016983 
2.675000 0.003740 
2.680000 -0.013865 
2.685000 -0.003476 
2.690000 0.017840 
2.695000 0.012558 
2.700000 -0.013597 
2.705000 -0.021041 
2.710000 -0.001345 
2.715000 0.010856 
2.720000 -0.003706 
2.725000 -0.018156 
2.730000 -0.005644 
2.735000 0.015514 
2.740000 0.012527 
2.745000 -0.007245 
2.750000 -0.009897 
2.755000 0.006643 
2.760000 0.009844 
2.765000 -0.009629 
2.770000 -0.020153 
2.775000 -0.003335 
2.780000 0.013270 
2.785000 0.002417 
2.790000 -0.015856 
2.795000 -0.007344 
2.800000 0.017814 
2.805000 0.019710 
2.810000 -0.006333 
2.815000 -0.021127 
2.820000 -0.003920 
2.825000 0.015292 
2.830000 0.004817 
2.835000 -0.018278 
2.840000 -0.016581 
2.845000 0.007729 
2.850000 0.017424 
2.855000 0.000254 
2.860000 -0.013012 
2.865000 -0.000508 
2.870000 0.014927 
2.875000 0.004939 
2.880000 -0.016136 
2.885000 -0.015064 
2.890000 0.004870 
2.895000 0.010368 
2.900000 -0.005539 
2.905000 -0.013077 
2.910000 0.002716 
2.915000 0.016735 
2.920000 0.006267 
2.925000 -0.011445 
2.930000 -0.008515 
2.935000 0.007578 
2.940000 0.007613 
2.945000 -0.009752 
2.950000 -0.015313 
2.955000 0.001719 
2.960000 0.014932 
2.965000 0.004423 
2.970000 -0.009945 
2.975000 -0.002470 
2.980000 0.014154 
2.985000 0.010087 
2.990000 -0.010381 
2.995000 -0.015260 
3.000000 0.001444 
3.005000 0.010240 
3.010000 -0.003393 
3.015000 -0.014891 
3.020000 -0.002932 
3.025000 0.014515 
3.030000 0.010447 
3.035000 -0.006970 
3.040000 -0.009350 
3.045000 0.004948 
3.050000 0.009749 
3.055000 -0.004603 
3.060000 -0.015629 
3.065000 -0.006310 
3.070000 0.007259 
3.075000 0.003410 
3.080000 -0.009134 
3.085000 -0.006962 
3.090000 0.007861 
3.095000 0.011293 
3.100000 -0.002303 
3.105000 -0.011603 
3.110000 -0.004334 
3.115000 0.004358 
3.120000 -0.000294 
3.125000 -0.008700 
3.130000 -0.005535 
3.135000 0.004140 
3.140000 0.004988 
3.145000 -0.002434 
3.150000 -0.003986 
3.155000 0.003164 
3.160000 0.005793 
3.165000 -0.002641 
3.170000 -0.010083 
3.175000 -0.004892 
3.180000 0.004957 
3.185000 0.004069 
3.190000 -0.005752 
3.195000 -0.008165 
3.200000 0.001499 
3.205000 0.008661 
3.210000 0.002816 
3.215000 -0.006212 
3.220000 -0.004966 
3.225000 0.002476 
3.230000 0.002933 
3.235000 -0.004010 
3.240000 -0.006904 
3.245000 -0.002043 
3.250000 0.001665 
3.255000 -0.001420 
3.260000 -0.004699 
3.265000 -0.001154 
3.270000 0.004462 
3.275000 0.002978 
3.280000 -0.004211 
3.285000 -0.006820 
3.290000 -0.001877 
3.295000 0.001466 
3.300000 -0.003103 
3.305000 -0.008301 
3.310000 -0.004839 
3.315000 0.003170 
3.320000 0.004552 
3.325000 -0.001199 
3.330000 -0.004091 
3.335000 -0.000431 
3.340000 0.002289 
3.345000 -0.001082 
3.350000 -0.005515 
3.355000 -0.004999 
3.360000 -0.001411 
3.365000 -0.000104 
3.370000 -0.001870 
3.375000 -0.002943 
3.380000 -0.000778 
3.385000 0.002424 
3.390000 0.002443 
3.395000 -0.001035 
3.400000 -0.003566 
3.405000 -0.002522 
3.410000 -0.001150 
3.415000 -0.002969 
3.420000 -0.005632 
3.425000 -0.004602 
3.430000 -0.000444 
3.435000 0.001939 
3.440000 0.000322 
3.445000 -0.002078 
3.450000 -0.001413 
3.455000 0.001218 
3.460000 0.000936 
3.465000 -0.003786 
3.470000 -0.007728 
3.475000 -0.005748 
3.480000 -0.000799 
3.485000 0.000334 
3.490000 -0.002049 
3.495000 -0.001573 
3.500000 0.002336 
3.505000 0.002968 
3.510000 -0.001427 
3.515000 -0.004072 
3.520000 -0.001828 
3.525000 -0.000737 
3.530000 -0.004486 
3.535000 -0.006902 
3.540000 -0.002484 
3.545000 0.003359 
3.550000 0.002356 
3.555000 -0.003314 
3.560000 -0.004191 
3.565000 0.001450 
3.570000 0.004326 
3.575000 -0.001389 
3.580000 -0.007998 
3.585000 -0.005658 
3.590000 0.001625 
3.595000 0.001879 
3.600000 -0.005130 
3.605000 -0.007011 
3.610000 0.000567 
3.615000 0.006037 
3.620000 0.000930 
3.625000 -0.006131 
3.630000 -0.004168 
3.635000 0.002050 
3.640000 0.001046 
3.645000 -0.005756 
3.650000 -0.007190 
3.655000 -0.001304 
3.660000 0.002326 
3.665000 -0.000917 
3.670000 -0.003892 
3.675000 -0.000540 
3.680000 0.003922 
3.685000 0.001733 
3.690000 -0.004482 
3.695000 -0.005665 
3.700000 -0.001026 
3.705000 0.000656 
3.710000 -0.003911 
3.715000 -0.006298 
3.720000 -0.000789 
3.725000 0.004727 
3.730000 0.001564 
3.735000 -0.004517 
3.740000 -0.002964 
3.745000 0.003064 
3.750000 0.002084 
3.755000 -0.005449 
3.760000 -0.007544 
3.765000 -0.001052 
3.770000 0.003176 
3.775000 -0.001328 
3.780000 -0.006204 
3.785000 -0.002524 
3.790000 0.004458 
3.795000 0.003832 
3.800000 -0.003358 
3.805000 -0.005705 
3.810000 0.000090 
3.815000 0.003531 
3.820000 -0.002396 
3.825000 -0.008702 
3.830000 -0.004598 
3.835000 0.004013 
3.840000 0.003662 
3.845000 -0.004123 
3.850000 -0.005424 
3.855000 0.002204 
3.860000 0.005682 
3.865000 -0.001019 
3.870000 -0.006974 
3.875000 -0.003410 
3.880000 0.002100 
3.885000 -0.000106 
3.890000 -0.005260 
3.895000 -0.003350 
3.900000 0.003271 
3.905000 0.003953 
3.910000 -0.002258 
3.915000 -0.005010 
3.920000 0.000130 
3.925000 0.004072 
3.930000 -0.000884 
3.935000 -0.007593 
3.940000 -0.005070 
3.945000 0.003064 
3.950000 0.003877 
3.955000 -0.003372 
3.960000 -0.005874 
3.965000 0.000861 
3.970000 0.005331 
3.975000 -0.000041 
3.980000 -0.006034 
3.985000 -0.002879 
3.990000 0.003137 
3.995000 0.001134 
4.000000 -0.005607 
4.005000 -0.005651 
4.010000 0.001198 
4.015000 0.004021 
4.020000 -0.000991 
4.025000 -0.004829 
4.030000 -0.000855 
4.035000 0.004468 
4.040000 0.002201 
4.045000 -0.004523 
4.050000 -0.005367 
4.055000 0.000544 
4.060000 0.003167 
4.065000 -0.001769 
4.070000 -0.005442 
4.075000 -0.000893 
4.080000 0.004862 
4.085000 0.002698 
4.090000 -0.003133 
4.095000 -0.002752 
4.100000 0.002289 
4.105000 0.002367 
4.110000 -0.003219 
4.115000 -0.005342 
4.120000 -0.000724 
4.125000 0.003058 
4.130000 0.000575 
4.135000 -0.003041 
4.140000 -0.001267 
4.145000 0.003125 
4.150000 0.002919 
4.155000 -0.001726 
4.160000 -0.003576 
4.165000 -0.000119 
4.170000 0.002313 
4.175000 -0.000819 
4.180000 -0.004281 
4.185000 -0.001698 
4.190000 0.003249 
4.195000 0.002707 
4.200000 -0.001850 
4.205000 -0.002183 
4.210000 0.002238 
4.215000 0.003353 
4.220000 -0.001236 
4.225000 -0.004138 
4.230000 -0.001026 
4.235000 0.002361 
4.240000 0.000519 
4.245000 -0.002716 
4.250000 -0.001200 
4.255000 0.003142 
4.260000 0.003580 
4.265000 -0.000565 
4.270000 -0.002941 
4.275000 -0.000256 
4.280000 0.002576 
4.285000 0.000433 
4.290000 -0.003505 
4.295000 -0.002712 
4.300000 0.001877 
4.305000 0.003203 
4.310000 -0.000234 
4.315000 -0.002074 
4.320000 0.000800 
4.325000 0.003043 
4.330000 0.000449 
4.335000 -0.002798 
4.340000 -0.001640 
4.345000 0.001407 
4.350000 0.001244 
4.355000 -0.001166 
4.360000 -0.001237 
4.365000 0.001237 
4.370000 0.002240 
4.375000 0.000392 
4.380000 -0.001145 
4.385000 0.000014 
4.390000 0.001741 
4.395000 0.000879 
4.400000 -0.001556 
4.405000 -0.001732 
4.410000 0.000778 
4.415000 0.001995 
4.420000 0.000038 
4.425000 -0.001542 
4.430000 0.000242 
4.435000 0.002575 
4.440000 0.001611 
4.445000 -0.000984 
4.450000 -0.001092 
4.455000 0.000868 
4.460000 0.001140 
4.465000 -0.000784 
4.470000 -0.001680 
4.475000 -0.000169 
4.480000 0.001431 
4.485000 0.001097 
4.490000 -0.000120 
4.495000 -0.000183 
4.500000 0.000883 
4.505000 0.001224 
4.510000 -0.000003 
4.515000 -0.001230 
4.520000 -0.000761 
4.525000 0.000511 
4.530000 0.000517 
4.535000 -0.000485 
4.540000 -0.000413 
4.545000 0.000873 
4.550000 0.001305 
4.555000 0.000284 
4.560000 -0.000446 
4.565000 -0.000014 
4.570000 0.000369 
4.575000 -0.000056 
4.580000 -0.000424 
4.585000 -0.000155 
4.590000 0.000129 
4.595000 0.000048 
4.600000 0.000087 
4.605000 0.000476 
4.610000 0.000727 
4.615000 0.000476 
4.620000 -0.000041 
4.625000 -0.000325 
4.630000 -0.000136 
4.635000 0.000164 
4.640000 -0.000037 
4.645000 -0.000567 
4.650000 -0.000476 
4.655000 0.000397 
4.660000 0.000922 
4.665000 0.000479 
4.670000 -0.000035 
4.675000 0.000121 
4.680000 0.000325 
4.685000 -0.000038 
4.690000 -0.000453 
4.695000 -0.000375 
4.700000 -0.000136 
4.705000 -0.000080 
4.710000 0.000002 
4.715000 0.000203 
4.720000 0.000290 
4.725000 0.000264 
4.730000 0.000264 
4.735000 0.000134 
4.740000 -0.000187 
4.745000 -0.000321 
4.750000 -0.000111 
4.755000 0.000013 
4.760000 -0.000168 
4.765000 -0.000264 
4.770000 -0.000036 
4.775000 0.000195 
4.780000 0.000180 
4.785000 0.000075 
4.790000 0.000023 
4.795000 -0.000025 
4.800000 -0.000076 
4.805000 -0.000109 
4.810000 -0.000174 
4.815000 -0.000217 
4.820000 -0.000116 
4.825000 0.000019 
4.830000 -0.000001 
4.835000 -0.000028 
4.840000 0.000132 
4.845000 0.000236 
4.850000 0.000008 
4.855000 -0.000262 
4.860000 -0.000196 
4.865000 -0.000021 
4.870000 -0.000109 
4.875000 -0.000262 
4.880000 -0.000126 
4.885000 0.000124 
4.890000 0.000132 
4.895000 -0.000016 
4.900000 -0.000022 
4.905000 0.000088 
4.910000 0.000083 
4.915000 -0.000068 
4.920000 -0.000179 
4.925000 -0.000132 
4.930000 -0.000011 
4.935000 0.000025 
4.940000 -0.000053 
4.945000 -0.000093 
4.950000 0.000003 
4.955000 0.000101 
4.960000 0.000052 
4.965000 -0.000059 
4.970000 -0.000062 
4.975000 0.000009 
4.980000 0.000019 
4.985000 -0.000022 
4.990000 -0.000026 
4.995000 -0.000002 
