# Time(ps) Norm. Int.(No Units) 
0.000000 1.000000 
0.005000 0.874861 
0.010000 0.633815 
0.015000 0.481146 
0.020000 0.422202 
0.025000 0.324130 
0.030000 0.168798 
0.035000 0.078759 
0.040000 0.107288 
0.045000 0.160113 
0.050000 0.161006 
0.055000 0.163187 
0.060000 0.226767 
0.065000 0.290913 
0.070000 0.266987 
0.075000 0.190722 
0.080000 0.169256 
0.085000 0.209789 
0.090000 0.216563 
0.095000 0.156869 
0.100000 0.114815 
0.105000 0.146393 
0.110000 0.183760 
0.115000 0.147099 
0.120000 0.070304 
0.125000 0.031539 
0.130000 0.017736 
0.135000 -0.040693 
0.140000 -0.128856 
0.145000 -0.149438 
0.150000 -0.072461 
0.155000 0.014824 
0.160000 0.040660 
0.165000 0.047233 
0.170000 0.099738 
0.175000 0.162737 
0.180000 0.148973 
0.185000 0.059982 
0.190000 -0.012012 
0.195000 -0.024152 
0.200000 -0.037217 
0.205000 -0.098554 
0.210000 -0.150147 
0.215000 -0.116787 
0.220000 -0.031541 
0.225000 0.007512 
0.230000 -0.020617 
0.235000 -0.046750 
0.240000 -0.036922 
0.245000 -0.041430 
0.250000 -0.094181 
0.255000 -0.144285 
0.260000 -0.136966 
0.265000 -0.100286 
0.270000 -0.089591 
0.275000 -0.090870 
0.280000 -0.052078 
0.285000 0.013402 
0.290000 0.033218 
0.295000 -0.012704 
0.300000 -0.061295 
0.305000 -0.068360 
0.310000 -0.073687 
0.315000 -0.121710 
0.320000 -0.173981 
0.325000 -0.164697 
0.330000 -0.107999 
0.335000 -0.074867 
0.340000 -0.076981 
0.345000 -0.055063 
0.350000 0.007461 
0.355000 0.041154 
0.360000 -0.002891 
0.365000 -0.071847 
0.370000 -0.089929 
0.375000 -0.066296 
0.380000 -0.060726 
0.385000 -0.077384 
0.390000 -0.065296 
0.395000 -0.012275 
0.400000 0.031919 
0.405000 0.034674 
0.410000 0.022908 
0.415000 0.024586 
0.420000 0.018416 
0.425000 -0.022228 
0.430000 -0.071220 
0.435000 -0.080725 
0.440000 -0.051767 
0.445000 -0.027541 
0.450000 -0.022722 
0.455000 -0.007511 
0.460000 0.030853 
0.465000 0.057815 
0.470000 0.044439 
0.475000 0.012186 
0.480000 -0.005002 
0.485000 -0.013247 
0.490000 -0.037062 
0.495000 -0.065464 
0.500000 -0.061377 
0.505000 -0.019876 
0.510000 0.020639 
0.515000 0.031367 
0.520000 0.026541 
0.525000 0.031229 
0.530000 0.040031 
0.535000 0.028665 
0.540000 -0.005456 
0.545000 -0.036867 
0.550000 -0.045608 
0.555000 -0.037492 
0.560000 -0.024296 
0.565000 -0.002159 
0.570000 0.034057 
0.575000 0.067668 
0.580000 0.074546 
0.585000 0.056998 
0.590000 0.040194 
0.595000 0.033347 
0.600000 0.018503 
0.605000 -0.014105 
0.610000 -0.042233 
0.615000 -0.038769 
0.620000 -0.007460 
0.625000 0.025455 
0.630000 0.045104 
0.635000 0.055576 
0.640000 0.059678 
0.645000 0.051371 
0.650000 0.030749 
0.655000 0.009708 
0.660000 -0.004378 
0.665000 -0.017302 
0.670000 -0.031043 
0.675000 -0.031062 
0.680000 -0.006128 
0.685000 0.027581 
0.690000 0.041934 
0.695000 0.033597 
0.700000 0.024228 
0.705000 0.022833 
0.710000 0.011633 
0.715000 -0.022024 
0.720000 -0.060705 
0.725000 -0.077554 
0.730000 -0.067447 
0.735000 -0.044957 
0.740000 -0.023117 
0.745000 -0.006812 
0.750000 0.001645 
0.755000 0.002780 
0.760000 0.001040 
0.765000 -0.003018 
0.770000 -0.016757 
0.775000 -0.043915 
0.780000 -0.073390 
0.785000 -0.087630 
0.790000 -0.080645 
0.795000 -0.061884 
0.800000 -0.043722 
0.805000 -0.030968 
0.810000 -0.022654 
0.815000 -0.017929 
0.820000 -0.017117 
0.825000 -0.020834 
0.830000 -0.031106 
0.835000 -0.049170 
0.840000 -0.068049 
0.845000 -0.072737 
0.850000 -0.055296 
0.855000 -0.026404 
0.860000 -0.004167 
0.865000 0.005187 
0.870000 0.007432 
0.875000 0.006070 
0.880000 -0.000709 
0.885000 -0.011419 
0.890000 -0.021294 
0.895000 -0.029908 
0.900000 -0.038236 
0.905000 -0.039800 
0.910000 -0.026529 
0.915000 -0.003347 
0.920000 0.014600 
0.925000 0.020331 
0.930000 0.019932 
0.935000 0.017841 
0.940000 0.009219 
0.945000 -0.008288 
0.950000 -0.025531 
0.955000 -0.032658 
0.960000 -0.032430 
0.965000 -0.033453 
0.970000 -0.033381 
0.975000 -0.020320 
0.980000 0.006573 
0.985000 0.028714 
0.990000 0.028319 
0.995000 0.009984 
1.000000 -0.007630 
1.005000 -0.016407 
1.010000 -0.023121 
1.015000 -0.031676 
1.020000 -0.034854 
1.025000 -0.026507 
1.030000 -0.011175 
1.035000 0.003077 
1.040000 0.013685 
1.045000 0.020947 
1.050000 0.022332 
1.055000 0.014930 
1.060000 0.001093 
1.065000 -0.012663 
1.070000 -0.022078 
1.075000 -0.027450 
1.080000 -0.028804 
1.085000 -0.022393 
1.090000 -0.006379 
1.095000 0.011581 
1.100000 0.019286 
1.105000 0.014009 
1.110000 0.004519 
1.115000 -0.003448 
1.120000 -0.014628 
1.125000 -0.031494 
1.130000 -0.043991 
1.135000 -0.042176 
1.140000 -0.031843 
1.145000 -0.025520 
1.150000 -0.022793 
1.155000 -0.013296 
1.160000 0.002377 
1.165000 0.009550 
1.170000 0.000515 
1.175000 -0.014070 
1.180000 -0.021619 
1.185000 -0.024917 
1.190000 -0.032764 
1.195000 -0.040828 
1.200000 -0.035947 
1.205000 -0.017778 
1.210000 -0.001389 
1.215000 0.004508 
1.220000 0.007482 
1.225000 0.013317 
1.230000 0.012715 
1.235000 -0.002504 
1.240000 -0.021641 
1.245000 -0.027909 
1.250000 -0.021223 
1.255000 -0.013678 
1.260000 -0.008384 
1.265000 0.001149 
1.270000 0.013584 
1.275000 0.018454 
1.280000 0.013294 
1.285000 0.007277 
1.290000 0.004620 
1.295000 -0.002029 
1.300000 -0.016075 
1.305000 -0.026884 
1.310000 -0.023936 
1.315000 -0.012743 
1.320000 -0.006276 
1.325000 -0.005330 
1.330000 0.000691 
1.335000 0.013810 
1.340000 0.020889 
1.345000 0.012163 
1.350000 -0.003809 
1.355000 -0.012153 
1.360000 -0.011230 
1.365000 -0.010079 
1.370000 -0.011462 
1.375000 -0.009024 
1.380000 0.000400 
1.385000 0.012294 
1.390000 0.022519 
1.395000 0.030487 
1.400000 0.033167 
1.405000 0.025131 
1.410000 0.008193 
1.415000 -0.006075 
1.420000 -0.008620 
1.425000 -0.003570 
1.430000 -0.001449 
1.435000 -0.004039 
1.440000 -0.002111 
1.445000 0.010447 
1.450000 0.025624 
1.455000 0.029331 
1.460000 0.018081 
1.465000 0.001765 
1.470000 -0.009582 
1.475000 -0.014918 
1.480000 -0.016981 
1.485000 -0.015819 
1.490000 -0.011680 
1.495000 -0.008010 
1.500000 -0.006140 
1.505000 -0.001667 
1.510000 0.008112 
1.515000 0.016862 
1.520000 0.015764 
1.525000 0.005647 
1.530000 -0.003716 
1.535000 -0.006063 
1.540000 -0.004314 
1.545000 -0.002709 
1.550000 0.000441 
1.555000 0.008199 
1.560000 0.017799 
1.565000 0.023845 
1.570000 0.026403 
1.575000 0.029229 
1.580000 0.030654 
1.585000 0.024333 
1.590000 0.010942 
1.595000 0.000890 
1.600000 0.001162 
1.605000 0.006819 
1.610000 0.010728 
1.615000 0.014196 
1.620000 0.020858 
1.625000 0.026565 
1.630000 0.024318 
1.635000 0.015414 
1.640000 0.007149 
1.645000 0.001828 
1.650000 -0.003744 
1.655000 -0.009155 
1.660000 -0.009240 
1.665000 -0.003010 
1.670000 0.003497 
1.675000 0.005787 
1.680000 0.006583 
1.685000 0.009673 
1.690000 0.012774 
1.695000 0.011078 
1.700000 0.004873 
1.705000 -0.001389 
1.710000 -0.005932 
1.715000 -0.010014 
1.720000 -0.012021 
1.725000 -0.007738 
1.730000 0.002027 
1.735000 0.010384 
1.740000 0.013555 
1.745000 0.015013 
1.750000 0.017056 
1.755000 0.015007 
1.760000 0.005367 
1.765000 -0.005671 
1.770000 -0.008875 
1.775000 -0.004175 
1.780000 0.000323 
1.785000 0.000142 
1.790000 -0.000786 
1.795000 0.002485 
1.800000 0.008752 
1.805000 0.012854 
1.810000 0.011885 
1.815000 0.006896 
1.820000 0.000211 
1.825000 -0.006169 
1.830000 -0.010012 
1.835000 -0.009660 
1.840000 -0.006413 
1.845000 -0.003810 
1.850000 -0.002847 
1.855000 -0.000272 
1.860000 0.005784 
1.865000 0.010764 
1.870000 0.008395 
1.875000 -0.000588 
1.880000 -0.008824 
1.885000 -0.011365 
1.890000 -0.009966 
1.895000 -0.007719 
1.900000 -0.004192 
1.905000 0.001523 
1.910000 0.006544 
1.915000 0.007092 
1.920000 0.004363 
1.925000 0.003344 
1.930000 0.005231 
1.935000 0.005007 
1.940000 -0.001162 
1.945000 -0.009456 
1.950000 -0.012990 
1.955000 -0.010507 
1.960000 -0.005956 
1.965000 -0.001168 
1.970000 0.005047 
1.975000 0.010803 
1.980000 0.011091 
1.985000 0.005831 
1.990000 0.001569 
1.995000 0.001852 
2.000000 0.001806 
2.005000 -0.003254 
2.010000 -0.009006 
2.015000 -0.007850 
2.020000 -0.000149 
2.025000 0.006511 
2.030000 0.007828 
2.035000 0.006526 
2.040000 0.005645 
2.045000 0.004092 
2.050000 0.000845 
2.055000 -0.001593 
2.060000 -0.001626 
2.065000 -0.002467 
2.070000 -0.006671 
2.075000 -0.009627 
2.080000 -0.004823 
2.085000 0.005342 
2.090000 0.010855 
2.095000 0.007231 
2.100000 0.000801 
2.105000 -0.001619 
2.110000 -0.001921 
2.115000 -0.005177 
2.120000 -0.010191 
2.125000 -0.011669 
2.130000 -0.008861 
2.135000 -0.005898 
2.140000 -0.004531 
2.145000 -0.002102 
2.150000 0.002707 
2.155000 0.006738 
2.160000 0.006766 
2.165000 0.003809 
2.170000 0.000735 
2.175000 -0.002063 
2.180000 -0.005522 
2.185000 -0.007794 
2.190000 -0.005430 
2.195000 0.000780 
2.200000 0.005195 
2.205000 0.004706 
2.210000 0.003248 
2.215000 0.005549 
2.220000 0.009147 
2.225000 0.007487 
2.230000 -0.000027 
2.235000 -0.006351 
2.240000 -0.006138 
2.245000 -0.002060 
2.250000 0.000566 
2.255000 0.001451 
2.260000 0.003691 
2.265000 0.006991 
2.270000 0.007674 
2.275000 0.005306 
2.280000 0.004126 
2.285000 0.005872 
2.290000 0.005774 
2.295000 -0.000275 
2.300000 -0.007815 
2.305000 -0.008642 
2.310000 -0.002126 
2.315000 0.004275 
2.320000 0.005855 
2.325000 0.005585 
2.330000 0.006641 
2.335000 0.006627 
2.340000 0.003085 
2.345000 -0.000698 
2.350000 -0.000717 
2.355000 0.000693 
2.360000 -0.001166 
2.365000 -0.004544 
2.370000 -0.003065 
2.375000 0.003783 
2.380000 0.008549 
2.385000 0.006268 
2.390000 0.001377 
2.395000 0.000421 
2.400000 0.002293 
2.405000 0.001098 
2.410000 -0.003837 
2.415000 -0.007135 
2.420000 -0.006098 
2.425000 -0.003855 
2.430000 -0.002456 
2.435000 0.000903 
2.440000 0.007405 
2.445000 0.011778 
2.450000 0.009121 
2.455000 0.002966 
2.460000 0.000681 
2.465000 0.002748 
2.470000 0.002844 
2.475000 -0.001545 
2.480000 -0.004925 
2.485000 -0.002394 
2.490000 0.002792 
2.495000 0.004320 
2.500000 0.002095 
2.505000 0.001235 
2.510000 0.003186 
2.515000 0.003517 
2.520000 -0.000492 
2.525000 -0.005243 
2.530000 -0.006594 
2.535000 -0.005996 
2.540000 -0.006793 
2.545000 -0.007675 
2.550000 -0.005185 
2.555000 -0.001021 
2.560000 -0.000642 
2.565000 -0.004459 
2.570000 -0.006591 
2.575000 -0.004298 
2.580000 -0.002754 
2.585000 -0.006637 
2.590000 -0.011800 
2.595000 -0.010976 
2.600000 -0.004914 
2.605000 -0.001152 
2.610000 -0.002294 
2.615000 -0.002613 
2.620000 0.001739 
2.625000 0.005919 
2.630000 0.004245 
2.635000 -0.000441 
2.640000 -0.001583 
2.645000 0.000324 
2.650000 -0.000673 
2.655000 -0.004866 
2.660000 -0.005534 
2.665000 -0.000136 
2.670000 0.004899 
2.675000 0.004170 
2.680000 0.001408 
2.685000 0.002212 
2.690000 0.004059 
2.695000 0.000756 
2.700000 -0.006257 
2.705000 -0.009109 
2.710000 -0.005595 
2.715000 -0.002276 
2.720000 -0.003650 
2.725000 -0.005356 
2.730000 -0.002278 
2.735000 0.002399 
2.740000 0.002272 
2.745000 -0.001823 
2.750000 -0.003490 
2.755000 -0.001420 
2.760000 -0.000939 
2.765000 -0.004308 
2.770000 -0.006712 
2.775000 -0.004641 
2.780000 -0.001818 
2.785000 -0.002258 
2.790000 -0.002770 
2.795000 0.001406 
2.800000 0.006986 
2.805000 0.006139 
2.810000 -0.001277 
2.815000 -0.006491 
2.820000 -0.004391 
2.825000 -0.000469 
2.830000 -0.001532 
2.835000 -0.005179 
2.840000 -0.004367 
2.845000 0.001008 
2.850000 0.004157 
2.855000 0.002205 
2.860000 -0.000170 
2.865000 0.000516 
2.870000 0.000791 
2.875000 -0.002966 
2.880000 -0.007215 
2.885000 -0.006389 
2.890000 -0.002070 
2.895000 -0.000632 
2.900000 -0.003035 
2.905000 -0.003637 
2.910000 0.000217 
2.915000 0.003814 
2.920000 0.002828 
2.925000 -0.000042 
2.930000 -0.000278 
2.935000 0.000806 
2.940000 -0.000968 
2.945000 -0.004424 
2.950000 -0.004031 
2.955000 0.001050 
2.960000 0.004963 
2.965000 0.003934 
2.970000 0.001616 
2.975000 0.002435 
2.980000 0.004263 
2.985000 0.002534 
2.990000 -0.001555 
2.995000 -0.002885 
3.000000 -0.001007 
3.005000 -0.000651 
3.010000 -0.003233 
3.015000 -0.004009 
3.020000 0.000004 
3.025000 0.004544 
3.030000 0.004321 
3.035000 0.000828 
3.040000 -0.000718 
3.045000 0.000233 
3.050000 -0.000432 
3.055000 -0.003861 
3.060000 -0.006086 
3.065000 -0.004632 
3.070000 -0.002455 
3.075000 -0.002700 
3.080000 -0.003427 
3.085000 -0.001333 
3.090000 0.001966 
3.095000 0.001949 
3.100000 -0.001610 
3.105000 -0.004144 
3.110000 -0.003231 
3.115000 -0.001688 
3.120000 -0.002391 
3.125000 -0.003830 
3.130000 -0.003188 
3.135000 -0.000926 
3.140000 0.000639 
3.145000 0.001341 
3.150000 0.002515 
3.155000 0.003392 
3.160000 0.001655 
3.165000 -0.002249 
3.170000 -0.004575 
3.175000 -0.003255 
3.180000 -0.000849 
3.185000 -0.000654 
3.190000 -0.001888 
3.195000 -0.001328 
3.200000 0.001399 
3.205000 0.003191 
3.210000 0.002194 
3.215000 0.000255 
3.220000 -0.000358 
3.225000 -0.000262 
3.230000 -0.001245 
3.235000 -0.003001 
3.240000 -0.003744 
3.245000 -0.003124 
3.250000 -0.002390 
3.255000 -0.001974 
3.260000 -0.001002 
3.265000 0.000519 
3.270000 0.000916 
3.275000 -0.000794 
3.280000 -0.003166 
3.285000 -0.004160 
3.290000 -0.003869 
3.295000 -0.003940 
3.300000 -0.004682 
3.305000 -0.004462 
3.310000 -0.002343 
3.315000 0.000211 
3.320000 0.001171 
3.325000 0.000414 
3.330000 -0.000716 
3.335000 -0.001531 
3.340000 -0.002354 
3.345000 -0.003184 
3.350000 -0.003394 
3.355000 -0.002836 
3.360000 -0.002177 
3.365000 -0.001879 
3.370000 -0.001581 
3.375000 -0.000779 
3.380000 0.000378 
3.385000 0.001176 
3.390000 0.000976 
3.395000 -0.000291 
3.400000 -0.002050 
3.405000 -0.003497 
3.410000 -0.004184 
3.415000 -0.004178 
3.420000 -0.003684 
3.425000 -0.002792 
3.430000 -0.001701 
3.435000 -0.000914 
3.440000 -0.000800 
3.445000 -0.001091 
3.450000 -0.001248 
3.455000 -0.001422 
3.460000 -0.002417 
3.465000 -0.004295 
3.470000 -0.005637 
3.475000 -0.005052 
3.480000 -0.003081 
3.485000 -0.001561 
3.490000 -0.001216 
3.495000 -0.001123 
3.500000 -0.000645 
3.505000 -0.000474 
3.510000 -0.001213 
3.515000 -0.002268 
3.520000 -0.002953 
3.525000 -0.003546 
3.530000 -0.004248 
3.535000 -0.004158 
3.540000 -0.002592 
3.545000 -0.000696 
3.550000 -0.000242 
3.555000 -0.001089 
3.560000 -0.001409 
3.565000 -0.000587 
3.570000 -0.000259 
3.575000 -0.001673 
3.580000 -0.003511 
3.585000 -0.003785 
3.590000 -0.002848 
3.595000 -0.002589 
3.600000 -0.003122 
3.605000 -0.002598 
3.610000 -0.000609 
3.615000 0.000588 
3.620000 -0.000592 
3.625000 -0.002545 
3.630000 -0.002966 
3.635000 -0.002303 
3.640000 -0.002594 
3.645000 -0.003887 
3.650000 -0.004222 
3.655000 -0.002945 
3.660000 -0.001651 
3.665000 -0.001399 
3.670000 -0.001142 
3.675000 0.000020 
3.680000 0.000823 
3.685000 -0.000303 
3.690000 -0.002480 
3.695000 -0.003448 
3.700000 -0.002885 
3.705000 -0.002584 
3.710000 -0.003226 
3.715000 -0.003208 
3.720000 -0.001548 
3.725000 0.000125 
3.730000 0.000059 
3.735000 -0.000838 
3.740000 -0.000729 
3.745000 -0.000141 
3.750000 -0.001026 
3.755000 -0.003095 
3.760000 -0.003830 
3.765000 -0.002408 
3.770000 -0.001012 
3.775000 -0.001316 
3.780000 -0.001935 
3.785000 -0.000990 
3.790000 0.000598 
3.795000 0.000563 
3.800000 -0.000989 
3.805000 -0.001794 
3.810000 -0.001208 
3.815000 -0.001170 
3.820000 -0.002682 
3.825000 -0.003742 
3.830000 -0.002472 
3.835000 -0.000349 
3.840000 0.000004 
3.845000 -0.001021 
3.850000 -0.000863 
3.855000 0.000734 
3.860000 0.001156 
3.865000 -0.000770 
3.870000 -0.002788 
3.875000 -0.002760 
3.880000 -0.001712 
3.885000 -0.001585 
3.890000 -0.001925 
3.895000 -0.001127 
3.900000 0.000325 
3.905000 0.000459 
3.910000 -0.000763 
3.915000 -0.001248 
3.920000 -0.000348 
3.925000 -0.000140 
3.930000 -0.001969 
3.935000 -0.003855 
3.940000 -0.003287 
3.945000 -0.001111 
3.950000 -0.000204 
3.955000 -0.001045 
3.960000 -0.001373 
3.965000 -0.000244 
3.970000 0.000436 
3.975000 -0.000670 
3.980000 -0.001985 
3.985000 -0.001763 
3.990000 -0.001054 
3.995000 -0.001760 
4.000000 -0.003184 
4.005000 -0.003045 
4.010000 -0.001255 
4.015000 -0.000112 
4.020000 -0.000624 
4.025000 -0.001115 
4.030000 -0.000273 
4.035000 0.000548 
4.040000 -0.000374 
4.045000 -0.002110 
4.050000 -0.002391 
4.055000 -0.001157 
4.060000 -0.000521 
4.065000 -0.001233 
4.070000 -0.001522 
4.075000 -0.000217 
4.080000 0.001158 
4.085000 0.000819 
4.090000 -0.000452 
4.095000 -0.000797 
4.100000 -0.000389 
4.105000 -0.000847 
4.110000 -0.002149 
4.115000 -0.002476 
4.120000 -0.001242 
4.125000 -0.000123 
4.130000 -0.000364 
4.135000 -0.000891 
4.140000 -0.000284 
4.145000 0.000781 
4.150000 0.000637 
4.155000 -0.000643 
4.160000 -0.001396 
4.165000 -0.001039 
4.170000 -0.000792 
4.175000 -0.001368 
4.180000 -0.001646 
4.185000 -0.000647 
4.190000 0.000578 
4.195000 0.000506 
4.200000 -0.000378 
4.205000 -0.000410 
4.210000 0.000466 
4.215000 0.000642 
4.220000 -0.000435 
4.225000 -0.001356 
4.230000 -0.001064 
4.235000 -0.000386 
4.240000 -0.000360 
4.245000 -0.000438 
4.250000 0.000347 
4.255000 0.001421 
4.260000 0.001371 
4.265000 0.000235 
4.270000 -0.000458 
4.275000 -0.000042 
4.280000 0.000324 
4.285000 -0.000377 
4.290000 -0.001315 
4.295000 -0.001115 
4.300000 -0.000024 
4.305000 0.000561 
4.310000 0.000312 
4.315000 0.000241 
4.320000 0.000739 
4.325000 0.000863 
4.330000 0.000050 
4.335000 -0.000776 
4.340000 -0.000645 
4.345000 -0.000057 
4.350000 -0.000038 
4.355000 -0.000440 
4.360000 -0.000306 
4.365000 0.000476 
4.370000 0.001022 
4.375000 0.000900 
4.380000 0.000677 
4.385000 0.000782 
4.390000 0.000738 
4.395000 0.000080 
4.400000 -0.000632 
4.405000 -0.000514 
4.410000 0.000270 
4.415000 0.000703 
4.420000 0.000448 
4.425000 0.000261 
4.430000 0.000675 
4.435000 0.001128 
4.440000 0.000946 
4.445000 0.000440 
4.450000 0.000293 
4.455000 0.000402 
4.460000 0.000165 
4.465000 -0.000364 
4.470000 -0.000476 
4.475000 0.000058 
4.480000 0.000623 
4.485000 0.000691 
4.490000 0.000509 
4.495000 0.000538 
4.500000 0.000672 
4.505000 0.000471 
4.510000 -0.000068 
4.515000 -0.000455 
4.520000 -0.000424 
4.525000 -0.000247 
4.530000 -0.000195 
4.535000 -0.000091 
4.540000 0.000292 
4.545000 0.000702 
4.550000 0.000707 
4.555000 0.000353 
4.560000 0.000084 
4.565000 0.000068 
4.570000 0.000054 
4.575000 -0.000108 
4.580000 -0.000233 
4.585000 -0.000170 
4.590000 -0.000028 
4.595000 0.000075 
4.600000 0.000210 
4.605000 0.000417 
4.610000 0.000522 
4.615000 0.000372 
4.620000 0.000097 
4.625000 -0.000040 
4.630000 -0.000010 
4.635000 -0.000041 
4.640000 -0.000243 
4.645000 -0.000401 
4.650000 -0.000254 
4.655000 0.000119 
4.660000 0.000391 
4.665000 0.000411 
4.670000 0.000313 
4.675000 0.000224 
4.680000 0.000097 
4.685000 -0.000097 
4.690000 -0.000243 
4.695000 -0.000253 
4.700000 -0.000187 
4.705000 -0.000120 
4.710000 -0.000020 
4.715000 0.000146 
4.720000 0.000299 
4.725000 0.000331 
4.730000 0.000234 
4.735000 0.000081 
4.740000 -0.000054 
4.745000 -0.000146 
4.750000 -0.000207 
4.755000 -0.000250 
4.760000 -0.000256 
4.765000 -0.000198 
4.770000 -0.000084 
4.775000 0.000036 
4.780000 0.000112 
4.785000 0.000121 
4.790000 0.000071 
4.795000 -0.000000 
4.800000 -0.000054 
4.805000 -0.000084 
4.810000 -0.000114 
4.815000 -0.000146 
4.820000 -0.000152 
4.825000 -0.000116 
4.830000 -0.000053 
4.835000 0.000022 
4.840000 0.000082 
4.845000 0.000082 
4.850000 0.000007 
4.855000 -0.000087 
4.860000 -0.000136 
4.865000 -0.000145 
4.870000 -0.000158 
4.875000 -0.000169 
4.880000 -0.000140 
4.885000 -0.000076 
4.890000 -0.000018 
4.895000 0.000019 
4.900000 0.000047 
4.905000 0.000057 
4.910000 0.000026 
4.915000 -0.000036 
4.920000 -0.000085 
4.925000 -0.000089 
4.930000 -0.000067 
4.935000 -0.000055 
4.940000 -0.000056 
4.945000 -0.000044 
4.950000 -0.000009 
4.955000 0.000018 
4.960000 0.000015 
4.965000 -0.000003 
4.970000 -0.000010 
4.975000 -0.000006 
4.980000 -0.000008 
4.985000 -0.000013 
4.990000 -0.000012 
4.995000 -0.000004 
